% Column 0: Length, mm
% Column 1: B.n, Tesla
0.00000000e+000	-4.11266121e-003	
2.38855523e-001	-4.30130587e-003	
4.77711046e-001	-4.47795119e-003	
7.16566569e-001	-4.65936027e-003	
9.55422092e-001	-4.85541218e-003	
1.19427761e+000	-5.04783091e-003	
1.43313314e+000	-5.24723189e-003	
1.67198866e+000	-5.44949165e-003	
1.91084418e+000	-5.65281478e-003	
2.14969971e+000	-5.85602951e-003	
2.38855523e+000	-6.05027910e-003	
2.62741075e+000	-6.20369822e-003	
2.86626627e+000	-6.29079442e-003	
3.10512180e+000	-6.04494391e-003	
3.34397732e+000	-4.22391525e-003	
3.58283284e+000	-4.20554124e-004	
3.82168837e+000	7.53286290e-003	
4.06054389e+000	1.73059332e-002	
4.29939941e+000	2.74804336e-002	
4.53825494e+000	4.04000644e-002	
4.77711046e+000	5.58483653e-002	
5.01596598e+000	7.40130523e-002	
5.25482150e+000	9.25648378e-002	
5.49367703e+000	1.21872958e-001	
5.73253255e+000	1.57319158e-001	
5.97138807e+000	2.07813577e-001	
6.21024360e+000	2.67721416e-001	
6.44909912e+000	3.23735407e-001	
6.68795464e+000	3.54318488e-001	
6.92681016e+000	3.67448077e-001	
7.16566569e+000	3.73355334e-001	
7.40452121e+000	3.70182324e-001	
7.64337673e+000	3.56601942e-001	
7.88223226e+000	3.41615912e-001	
8.12108778e+000	3.39498617e-001	
8.35994330e+000	3.44948362e-001	
8.59879882e+000	3.47396879e-001	
8.83765435e+000	3.49220552e-001	
9.07650987e+000	3.51086950e-001	
9.31536539e+000	3.53443106e-001	
9.55422092e+000	3.58513717e-001	
9.79307644e+000	3.62572051e-001	
1.00319320e+001	3.63474502e-001	
1.02707875e+001	3.59709156e-001	
1.05096430e+001	3.54026841e-001	
1.07484985e+001	3.50557174e-001	
1.09873541e+001	3.48039106e-001	
1.12262096e+001	3.45836545e-001	
1.14650651e+001	3.43662977e-001	
1.17039206e+001	3.41499153e-001	
1.19427761e+001	3.39325327e-001	
1.21816317e+001	3.37139959e-001	
1.24204872e+001	3.34880469e-001	
1.26593427e+001	3.32149412e-001	
1.28981982e+001	3.28367834e-001	
1.31370538e+001	3.20316112e-001	
1.33759093e+001	2.98570830e-001	
1.36147648e+001	2.58662689e-001	
1.38536203e+001	2.15688680e-001	
1.40924759e+001	1.83575659e-001	
1.43313314e+001	1.61759511e-001	
1.45701869e+001	1.53852232e-001	
1.48090424e+001	1.56720156e-001	
1.50478979e+001	1.67104467e-001	
1.52867535e+001	1.84472356e-001	
1.55256090e+001	2.12617621e-001	
1.57644645e+001	2.65802484e-001	
1.60033200e+001	3.31398517e-001	
1.62421756e+001	4.10482475e-001	
1.64810311e+001	4.69159824e-001	
1.67198866e+001	4.99313199e-001	
1.69587421e+001	5.10197597e-001	
1.71975976e+001	5.16473471e-001	
1.74364532e+001	5.20219658e-001	
1.76753087e+001	5.22813007e-001	
1.79141642e+001	5.25406356e-001	
1.81530197e+001	5.28006411e-001	
1.83918753e+001	5.30612224e-001	
1.86307308e+001	5.33218038e-001	
1.88695863e+001	5.36424670e-001	
1.91084418e+001	5.39672505e-001	
1.93472974e+001	5.43710042e-001	
1.95861529e+001	5.49324546e-001	
1.98250084e+001	5.54939051e-001	
2.00638639e+001	5.53537179e-001	
2.03027194e+001	5.46173332e-001	
2.05415750e+001	5.35615835e-001	
2.07804305e+001	5.30430011e-001	
2.10192860e+001	5.26419006e-001	
2.12581415e+001	5.22763495e-001	
2.14969971e+001	5.19217533e-001	
2.17358526e+001	5.15702675e-001	
2.19747081e+001	5.12505240e-001	
2.22135636e+001	5.09261129e-001	
2.24524192e+001	5.05533648e-001	
2.26912747e+001	5.00861755e-001	
2.29301302e+001	4.93532927e-001	
2.31689857e+001	4.75205613e-001	
2.34078412e+001	4.33188361e-001	
2.36466968e+001	3.68633541e-001	
2.38855523e+001	2.98490285e-001	
2.41244078e+001	2.52113833e-001	
2.43632633e+001	2.25672206e-001	
2.46021189e+001	2.19061095e-001	
2.48409744e+001	2.24424341e-001	
2.50798299e+001	2.39773467e-001	
2.53186854e+001	2.68149296e-001	
2.55575410e+001	3.13649268e-001	
2.57963965e+001	3.79954742e-001	
2.60352520e+001	4.81558511e-001	
2.62741075e+001	5.70452152e-001	
2.65129630e+001	6.35543636e-001	
2.67518186e+001	6.74074707e-001	
2.69906741e+001	6.87267406e-001	
2.72295296e+001	6.94188500e-001	
2.74683851e+001	6.99156624e-001	
2.77072407e+001	7.03619027e-001	
2.79460962e+001	7.07834677e-001	
2.81849517e+001	7.12017435e-001	
2.84238072e+001	7.16196691e-001	
2.86626627e+001	7.20694740e-001	
2.89015183e+001	7.25930989e-001	
2.91403738e+001	7.31167238e-001	
2.93792293e+001	7.38210225e-001	
2.96180848e+001	7.46029556e-001	
2.98569404e+001	7.53154462e-001	
3.00957959e+001	7.48781337e-001	
3.03346514e+001	7.37184540e-001	
3.05735069e+001	7.27398386e-001	
3.08123625e+001	7.21639530e-001	
3.10512180e+001	7.17115213e-001	
3.12900735e+001	7.12604109e-001	
3.15289290e+001	7.08095991e-001	
3.17677845e+001	7.03644206e-001	
3.20066401e+001	6.99327382e-001	
3.22454956e+001	6.94698822e-001	
3.24843511e+001	6.89031324e-001	
3.27232066e+001	6.80768070e-001	
3.29620622e+001	6.67944335e-001	
3.32009177e+001	6.31252687e-001	
3.34397732e+001	5.58042501e-001	
3.36786287e+001	4.53439201e-001	
3.39174843e+001	3.63927021e-001	
3.41563398e+001	2.99521687e-001	
3.43951953e+001	2.56943168e-001	
3.46340508e+001	2.31619862e-001	
3.48729063e+001	2.22624515e-001	
3.51117619e+001	2.19266801e-001	
3.53506174e+001	2.35887480e-001	
3.55894729e+001	2.62356874e-001	
3.58283284e+001	3.17334537e-001	
3.60671840e+001	3.83065889e-001	
3.63060395e+001	4.42185516e-001	
3.65448950e+001	4.78991028e-001	
3.67837505e+001	5.00357001e-001	
3.70226061e+001	5.06916835e-001	
3.72614616e+001	5.11142368e-001	
3.75003171e+001	5.14943636e-001	
3.77391726e+001	5.18635392e-001	
3.79780281e+001	5.22183004e-001	
3.82168837e+001	5.25435902e-001	
3.84557392e+001	5.28688800e-001	
3.86945947e+001	5.32610786e-001	
3.89334502e+001	5.36866241e-001	
3.91723058e+001	5.41036366e-001	
3.94111613e+001	5.43984432e-001	
3.96500168e+001	5.46932498e-001	
3.98888723e+001	5.47920049e-001	
4.01277278e+001	5.45516116e-001	
4.03665834e+001	5.43112183e-001	
4.06054389e+001	5.38876659e-001	
4.08442944e+001	5.34345360e-001	
4.10831499e+001	5.30170649e-001	
4.13220055e+001	5.27016994e-001	
4.15608610e+001	5.23863339e-001	
4.17997165e+001	5.20835074e-001	
4.20385720e+001	5.17785087e-001	
4.22774276e+001	5.14517628e-001	
4.25162831e+001	5.10222186e-001	
4.27551386e+001	5.01033547e-001	
4.29939941e+001	4.82572407e-001	
4.32328496e+001	4.51013513e-001	
4.34717052e+001	3.86744402e-001	
4.37105607e+001	3.08426735e-001	
4.39494162e+001	2.41228140e-001	
4.41882717e+001	2.02386653e-001	
4.44271273e+001	1.73689682e-001	
4.46659828e+001	1.60561609e-001	
4.49048383e+001	1.51135683e-001	
4.51436938e+001	1.49745811e-001	
4.53825494e+001	1.59826058e-001	
4.56214049e+001	1.84182653e-001	
4.58602604e+001	2.21010504e-001	
4.60991159e+001	2.65728927e-001	
4.63379714e+001	3.10066919e-001	
4.65768270e+001	3.34663903e-001	
4.68156825e+001	3.41556135e-001	
4.70545380e+001	3.44498122e-001	
4.72933935e+001	3.47460851e-001	
4.75322491e+001	3.50370606e-001	
4.77711046e+001	3.53016888e-001	
4.80099601e+001	3.55641610e-001	
4.82488156e+001	3.58282406e-001	
4.84876711e+001	3.60969124e-001	
4.87265267e+001	3.63939333e-001	
4.89653822e+001	3.67434820e-001	
4.92042377e+001	3.71384769e-001	
4.94430932e+001	3.75680894e-001	
4.96819488e+001	3.79977018e-001	
4.99208043e+001	3.79314456e-001	
5.01596598e+001	3.75330820e-001	
5.03985153e+001	3.70106070e-001	
5.06373709e+001	3.67542637e-001	
5.08762264e+001	3.65652172e-001	
5.11150819e+001	3.63813380e-001	
5.13539374e+001	3.61959442e-001	
5.15927929e+001	3.60079010e-001	
5.18316485e+001	3.58294994e-001	
5.20705040e+001	3.56316932e-001	
5.23093595e+001	3.53875866e-001	
5.25482150e+001	3.50781621e-001	
5.27870706e+001	3.44923758e-001	
5.30259261e+001	3.30252743e-001	
5.32647816e+001	2.90619863e-001	
5.35036371e+001	2.38395895e-001	
5.37424927e+001	1.81420851e-001	
5.39813482e+001	1.36429291e-001	
5.42202037e+001	1.02682420e-001	
5.44590592e+001	8.00837902e-002	
5.46979147e+001	6.05695817e-002	
5.49367703e+001	4.41927533e-002	
5.51756258e+001	2.92911191e-002	
5.54144813e+001	1.63085793e-002	
5.56533368e+001	3.42279943e-003	
5.58921924e+001	-7.81595493e-003	
5.61310479e+001	-1.73804651e-002	
5.63699034e+001	-2.18627616e-002	
5.66087589e+001	-2.43210009e-002	
5.68476145e+001	-2.47448321e-002	
5.70864700e+001	-2.45841558e-002	
5.73253255e+001	-2.43350442e-002	
5.75641810e+001	-2.40311960e-002	
5.78030365e+001	-2.37056801e-002	
5.80418921e+001	-2.47031315e-002	
5.82807476e+001	-2.57005830e-002	
5.85196031e+001	-2.34981635e-002	
5.87584586e+001	-1.54375227e-002	
5.89973142e+001	2.18391354e-003	
5.92361697e+001	1.37073477e-002	
5.94750252e+001	1.87042066e-002	
5.97138807e+001	1.83208319e-002	
5.99527362e+001	1.78943837e-002	
6.01915918e+001	1.80554449e-002	
6.04304473e+001	1.83526114e-002	
6.06693028e+001	1.87007569e-002	
6.09081583e+001	1.90622350e-002	
6.11470139e+001	1.93894049e-002	
6.13858694e+001	1.96734181e-002	
6.16247249e+001	1.99175429e-002	
6.18635804e+001	2.01259737e-002	
6.21024360e+001	2.03003247e-002	
6.23412915e+001	2.04199754e-002	
6.25801470e+001	2.03262617e-002	
6.28190025e+001	1.95075059e-002	
6.30578580e+001	1.69883277e-002	
6.32967136e+001	1.07841551e-002	
6.35355691e+001	2.87293221e-004	
6.37744246e+001	-1.14069725e-002	
6.40132801e+001	-2.33080157e-002	
6.42521357e+001	-3.64779703e-002	
6.44909912e+001	-5.24693634e-002	
6.47298467e+001	-7.05096709e-002	
6.49687022e+001	-9.00954827e-002	
6.52075578e+001	-1.18413245e-001	
6.54464133e+001	-1.55268074e-001	
6.56852688e+001	-2.07037250e-001	
6.59241243e+001	-2.62362358e-001	
6.61629798e+001	-3.10591688e-001	
6.64018354e+001	-3.35864395e-001	
6.66406909e+001	-3.49226232e-001	
6.68795464e+001	-3.55135154e-001	
6.71184019e+001	-3.58247418e-001	
6.73572575e+001	-3.60262665e-001	
6.75961130e+001	-3.62237465e-001	
6.78349685e+001	-3.64104153e-001	
6.80738240e+001	-3.65788851e-001	
6.83126796e+001	-3.67473549e-001	
6.85515351e+001	-3.69539835e-001	
6.87903906e+001	-3.71723526e-001	
6.90292461e+001	-3.74142716e-001	
6.92681016e+001	-3.77775055e-001	
6.95069572e+001	-3.81407394e-001	
6.97458127e+001	-3.81823893e-001	
6.99846682e+001	-3.77957435e-001	
7.02235237e+001	-3.70639525e-001	
7.04623793e+001	-3.66828034e-001	
7.07012348e+001	-3.63860011e-001	
7.09400903e+001	-3.61740697e-001	
7.11789458e+001	-3.60515368e-001	
7.14178013e+001	-3.56120050e-001	
7.16566569e+001	-3.40454143e-001	
7.18955124e+001	-3.28791652e-001	
7.21343679e+001	-3.27082505e-001	
7.23732234e+001	-3.25035763e-001	
7.26120790e+001	-3.20845384e-001	
7.28509345e+001	-3.11059698e-001	
7.30897900e+001	-2.86936615e-001	
7.33286455e+001	-2.50362372e-001	
7.35675011e+001	-2.05913630e-001	
7.38063566e+001	-1.71695832e-001	
7.40452121e+001	-1.55849235e-001	
7.42840676e+001	-1.50275007e-001	
7.45229231e+001	-1.57043020e-001	
7.47617787e+001	-1.65675204e-001	
7.50006342e+001	-1.81537863e-001	
7.52394897e+001	-2.17144984e-001	
7.54783452e+001	-2.69717376e-001	
7.57172008e+001	-3.36581470e-001	
7.59560563e+001	-4.14145809e-001	
7.61949118e+001	-4.69527041e-001	
7.64337673e+001	-4.95490928e-001	
7.66726229e+001	-5.04696195e-001	
7.69114784e+001	-5.10543942e-001	
7.71503339e+001	-5.14490420e-001	
7.73891894e+001	-5.17745440e-001	
7.76280449e+001	-5.20732028e-001	
7.78669005e+001	-5.23640620e-001	
7.81057560e+001	-5.26520750e-001	
7.83446115e+001	-5.29579485e-001	
7.85834670e+001	-5.33828255e-001	
7.88223226e+001	-5.38077026e-001	
7.90611781e+001	-5.41315077e-001	
7.93000336e+001	-5.43650944e-001	
7.95388891e+001	-5.45986812e-001	
7.97777446e+001	-5.43510712e-001	
8.00166002e+001	-5.40629816e-001	
8.02554557e+001	-5.37123003e-001	
8.04943112e+001	-5.32310736e-001	
8.07331667e+001	-5.27498470e-001	
8.09720223e+001	-5.23570067e-001	
8.12108778e+001	-5.19982071e-001	
8.14497333e+001	-5.16413048e-001	
8.16885888e+001	-5.12983411e-001	
8.19274444e+001	-5.09553774e-001	
8.21662999e+001	-5.05525769e-001	
8.24051554e+001	-5.00015270e-001	
8.26440109e+001	-4.91159246e-001	
8.28828664e+001	-4.68448578e-001	
8.31217220e+001	-4.22836690e-001	
8.33605775e+001	-3.56340365e-001	
8.35994330e+001	-2.94729145e-001	
8.38382885e+001	-2.50831279e-001	
8.40771441e+001	-2.23039779e-001	
8.43159996e+001	-2.17937008e-001	
8.45548551e+001	-2.25700620e-001	
8.47937106e+001	-2.35534292e-001	
8.50325662e+001	-2.69639630e-001	
8.52714217e+001	-3.23529007e-001	
8.55102772e+001	-3.99164829e-001	
8.57491327e+001	-4.93734261e-001	
8.59879882e+001	-5.92181429e-001	
8.62268438e+001	-6.48510430e-001	
8.64656993e+001	-6.72034499e-001	
8.67045548e+001	-6.86271474e-001	
8.69434103e+001	-6.93855861e-001	
8.71822659e+001	-6.99632462e-001	
8.74211214e+001	-7.04942634e-001	
8.76599769e+001	-7.10100203e-001	
8.78988324e+001	-7.15188089e-001	
8.81376880e+001	-7.20557756e-001	
8.83765435e+001	-7.26733945e-001	
8.86153990e+001	-7.32910134e-001	
8.88542545e+001	-7.39293860e-001	
8.90931100e+001	-7.45729741e-001	
8.93319656e+001	-7.47571540e-001	
8.95708211e+001	-7.38914168e-001	
8.98096766e+001	-7.24200098e-001	
9.00485321e+001	-7.18017680e-001	
9.02873877e+001	-7.14553565e-001	
9.05262432e+001	-7.12131256e-001	
9.07650987e+001	-7.10143483e-001	
9.10039542e+001	-7.08195027e-001	
9.12428097e+001	-7.06116313e-001	
9.14816653e+001	-7.03876410e-001	
9.17205208e+001	-7.01391385e-001	
9.19593763e+001	-6.98537306e-001	
9.21982318e+001	-6.95099357e-001	
9.24370874e+001	-6.87889455e-001	
9.26759429e+001	-6.68236118e-001	
9.29147984e+001	-6.32565569e-001	
9.31536539e+001	-5.53325561e-001	
9.33925095e+001	-4.46293340e-001	
9.36313650e+001	-3.53716170e-001	
9.38702205e+001	-2.95626917e-001	
9.41090760e+001	-2.49871029e-001	
9.43479315e+001	-2.20811798e-001	
9.45867871e+001	-2.10531277e-001	
9.48256426e+001	-2.14488476e-001	
9.50644981e+001	-2.30650240e-001	
9.53033536e+001	-2.63924721e-001	
9.55422092e+001	-3.22594724e-001	
9.57810647e+001	-3.88510006e-001	
9.60199202e+001	-4.47845233e-001	
9.62587757e+001	-4.76238511e-001	
9.64976313e+001	-4.93226540e-001	
9.67364868e+001	-5.03651940e-001	
9.69753423e+001	-5.10978492e-001	
9.72141978e+001	-5.17653261e-001	
9.74530533e+001	-5.24074005e-001	
9.76919089e+001	-5.30601872e-001	
9.79307644e+001	-5.37513987e-001	
9.81696199e+001	-5.45619938e-001	
9.84084754e+001	-5.56404664e-001	
9.86473310e+001	-5.60981974e-001	
9.88861865e+001	-5.52923242e-001	
9.91250420e+001	-5.39748706e-001	
9.93638975e+001	-5.27487581e-001	
9.96027531e+001	-5.21133449e-001	
9.98416086e+001	-5.19266709e-001	
1.00080464e+002	-5.19263755e-001	
1.00319320e+002	-5.19682349e-001	
1.00558175e+002	-5.20251662e-001	
1.00797031e+002	-5.21117782e-001	
1.01035886e+002	-5.22049006e-001	
1.01274742e+002	-5.22862924e-001	
1.01513597e+002	-5.23579670e-001	
1.01752453e+002	-5.24210620e-001	
1.01991308e+002	-5.24716657e-001	
1.02230164e+002	-5.24416497e-001	
1.02469019e+002	-5.20520977e-001	
1.02707875e+002	-5.08360551e-001	
1.02946730e+002	-4.68269690e-001	
1.03185586e+002	-3.96761275e-001	
1.03424441e+002	-3.18861113e-001	
1.03663297e+002	-2.41608300e-001	
1.03902152e+002	-1.95667957e-001	
1.04141008e+002	-1.64365341e-001	
1.04379864e+002	-1.49594458e-001	
1.04618719e+002	-1.44195005e-001	
1.04857575e+002	-1.48256906e-001	
1.05096430e+002	-1.62211931e-001	
1.05335286e+002	-1.87139832e-001	
1.05574141e+002	-2.27836761e-001	
1.05812997e+002	-2.70749361e-001	
1.06051852e+002	-3.02268811e-001	
1.06290708e+002	-3.20216031e-001	
1.06529563e+002	-3.28525149e-001	
1.06768419e+002	-3.35088904e-001	
1.07007274e+002	-3.40872185e-001	
1.07246130e+002	-3.47142561e-001	
1.07484985e+002	-3.53412936e-001	
1.07723841e+002	-3.57159005e-001	
1.07962696e+002	-3.59654708e-001	
1.08201552e+002	-3.60656318e-001	
1.08440407e+002	-3.56074851e-001	
1.08679263e+002	-3.51493384e-001	
1.08918118e+002	-3.45600827e-001	
1.09156974e+002	-3.39206194e-001	
1.09395829e+002	-3.33551661e-001	
1.09634685e+002	-3.30177537e-001	
1.09873541e+002	-3.31306306e-001	
1.10112396e+002	-3.41358783e-001	
1.10351252e+002	-3.55023825e-001	
1.10590107e+002	-3.66440172e-001	
1.10828963e+002	-3.70458393e-001	
1.11067818e+002	-3.71530452e-001	
1.11306674e+002	-3.73465595e-001	
1.11545529e+002	-3.75712990e-001	
1.11784385e+002	-3.77982045e-001	
1.12023240e+002	-3.79997492e-001	
1.12262096e+002	-3.81116701e-001	
1.12500951e+002	-3.79074823e-001	
1.12739807e+002	-3.71890719e-001	
1.12978662e+002	-3.24485222e-001	
1.13217518e+002	-2.49878724e-001	
1.13456373e+002	-1.78134456e-001	
1.13695229e+002	-1.30513196e-001	
1.13934084e+002	-9.97362309e-002	
1.14172940e+002	-7.71200317e-002	
1.14411795e+002	-5.90627806e-002	
1.14650651e+002	-4.46149277e-002	
1.14889507e+002	-3.21913346e-002	
1.15128362e+002	-2.09943580e-002	
1.15367218e+002	-1.03049949e-002	
1.15606073e+002	-6.91016690e-004	
1.15844929e+002	6.47704322e-003	
1.16083784e+002	9.95873490e-003	
1.16322640e+002	1.12954773e-002	
1.16561495e+002	1.16291101e-002	
1.16800351e+002	1.17946449e-002	
1.17039206e+002	1.18276406e-002	
1.17278062e+002	1.17267517e-002	
1.17516917e+002	1.16258628e-002	
1.17755773e+002	1.13901918e-002	
1.17994628e+002	1.10389148e-002	
1.18233484e+002	1.06718192e-002	
1.18472339e+002	1.02203062e-002	
1.18711195e+002	9.76879315e-003	
1.18950050e+002	9.39270478e-003	
1.19188906e+002	9.05130344e-003	
1.19427761e+002	8.72129039e-003	
1.19666617e+002	8.43357022e-003	
1.19905472e+002	8.15773478e-003	
1.20144328e+002	7.88216474e-003	
1.20383184e+002	7.60273861e-003	
1.20622039e+002	7.30532029e-003	
1.20860895e+002	6.96692945e-003	
1.21099750e+002	6.56687632e-003	
1.21338606e+002	6.14882053e-003	
1.21577461e+002	5.70881802e-003	
1.21816317e+002	5.34913123e-003	
1.22055172e+002	5.35638032e-003	
1.22294028e+002	7.18453236e-003	
1.22532883e+002	9.35682664e-003	
1.22771739e+002	5.42027330e-003	
1.23010594e+002	-9.67441009e-003	
1.23249450e+002	-1.18733014e-002	
1.23488305e+002	4.50781240e-003	
1.23727161e+002	2.01765965e-002	
1.23966016e+002	3.32526861e-002	
1.24204872e+002	4.82174314e-002	
1.24443727e+002	6.53413974e-002	
1.24682583e+002	8.56069215e-002	
1.24921438e+002	1.13620527e-001	
1.25160294e+002	1.52848777e-001	
1.25399150e+002	2.05056123e-001	
1.25638005e+002	2.64962183e-001	
1.25876861e+002	3.14735503e-001	
1.26115716e+002	3.41778891e-001	
1.26354572e+002	3.57272239e-001	
1.26593427e+002	3.69336652e-001	
1.26832283e+002	3.79675215e-001	
1.27071138e+002	3.83937503e-001	
1.27309994e+002	3.78580986e-001	
1.27548849e+002	3.73224468e-001	
1.27787705e+002	3.67275293e-001	
1.28026560e+002	3.60918561e-001	
1.28265416e+002	3.54831496e-001	
1.28504271e+002	3.50727509e-001	
1.28743127e+002	3.46623521e-001	
1.28981982e+002	3.44300449e-001	
1.29220838e+002	3.42949568e-001	
1.29459693e+002	3.42078496e-001	
1.29698549e+002	3.43484385e-001	
1.29937404e+002	3.44890273e-001	
1.30176260e+002	3.48174894e-001	
1.30415116e+002	3.52260026e-001	
1.30653971e+002	3.56464695e-001	
1.30892827e+002	3.61073230e-001	
1.31131682e+002	3.65436026e-001	
1.31370538e+002	3.72117980e-001	
1.31609393e+002	3.77389311e-001	
1.31848249e+002	3.76833205e-001	
1.32087104e+002	3.66545642e-001	
1.32325960e+002	3.51676049e-001	
1.32564815e+002	3.32556126e-001	
1.32803671e+002	2.98114731e-001	
1.33042526e+002	2.49591160e-001	
1.33281382e+002	2.02596686e-001	
1.33520237e+002	1.72189258e-001	
1.33759093e+002	1.55217017e-001	
1.33997948e+002	1.51141128e-001	
1.34236804e+002	1.54385082e-001	
1.34475659e+002	1.65947115e-001	
1.34714515e+002	1.88122078e-001	
1.34953370e+002	2.22178222e-001	
1.35192226e+002	2.83138160e-001	
1.35431081e+002	3.54000778e-001	
1.35669937e+002	4.21509549e-001	
1.35908793e+002	4.82031271e-001	
1.36147648e+002	5.21727690e-001	
1.36386504e+002	5.45467540e-001	
1.36625359e+002	5.53032686e-001	
1.36864215e+002	5.47505068e-001	
1.37103070e+002	5.36851909e-001	
1.37341926e+002	5.30623452e-001	
1.37580781e+002	5.24640338e-001	
1.37819637e+002	5.18850897e-001	
1.38058492e+002	5.13227396e-001	
1.38297348e+002	5.07768602e-001	
1.38536203e+002	5.02656452e-001	
1.38775059e+002	4.98515085e-001	
1.39013914e+002	4.96105756e-001	
1.39252770e+002	4.96119114e-001	
1.39491625e+002	4.98997732e-001	
1.39730481e+002	5.04833245e-001	
1.39969336e+002	5.12431043e-001	
1.40208192e+002	5.20883559e-001	
1.40447047e+002	5.30000089e-001	
1.40685903e+002	5.40166828e-001	
1.40924759e+002	5.52917117e-001	
1.41163614e+002	5.60394644e-001	
1.41402470e+002	5.55465489e-001	
1.41641325e+002	5.42567684e-001	
1.41880181e+002	5.27133795e-001	
1.42119036e+002	5.14287379e-001	
1.42357892e+002	4.92437646e-001	
1.42596747e+002	4.59173121e-001	
1.42835603e+002	4.09702293e-001	
1.43074458e+002	3.34772598e-001	
1.43313314e+002	2.73738785e-001	
1.43552169e+002	2.32581601e-001	
1.43791025e+002	2.12878248e-001	
1.44029880e+002	2.05528358e-001	
1.44268736e+002	2.13576603e-001	
1.44507591e+002	2.30045210e-001	
1.44746447e+002	2.61912579e-001	
1.44985302e+002	3.21022709e-001	
1.45224158e+002	4.02126996e-001	
1.45463013e+002	5.19765857e-001	
1.45701869e+002	6.36468271e-001	
1.45940724e+002	7.11514455e-001	
1.46179580e+002	7.30363329e-001	
1.46418436e+002	7.28491657e-001	
1.46657291e+002	7.21772422e-001	
1.46896147e+002	7.16958993e-001	
1.47135002e+002	7.12145563e-001	
1.47373858e+002	7.06922070e-001	
1.47612713e+002	7.01671859e-001	
1.47851569e+002	6.96579599e-001	
1.48090424e+002	6.91682189e-001	
1.48329280e+002	6.86913292e-001	
1.48568135e+002	6.82705073e-001	
1.48806991e+002	6.80209409e-001	
1.49045846e+002	6.80682780e-001	
1.49284702e+002	6.84921980e-001	
1.49523557e+002	6.93300143e-001	
1.49762413e+002	7.06048765e-001	
1.50001268e+002	7.22675711e-001	
1.50240124e+002	7.41105825e-001	
1.50478979e+002	7.55301872e-001	
1.50717835e+002	7.59327485e-001	
1.50956690e+002	7.49636405e-001	
1.51195546e+002	7.39945325e-001	
1.51434402e+002	7.27190454e-001	
1.51673257e+002	7.12989436e-001	
1.51912113e+002	6.98285665e-001	
1.52150968e+002	6.81649955e-001	
1.52389824e+002	6.50949435e-001	
1.52628679e+002	5.91040041e-001	
1.52867535e+002	5.06371986e-001	
1.53106390e+002	4.10619139e-001	
1.53345246e+002	3.24934622e-001	
1.53584101e+002	2.65996063e-001	
1.53822957e+002	2.32522281e-001	
1.54061812e+002	2.13338321e-001	
1.54300668e+002	2.07851670e-001	
1.54539523e+002	2.13734601e-001	
1.54778379e+002	2.34880822e-001	
1.55017234e+002	2.78088198e-001	
1.55256090e+002	3.58776879e-001	
1.55494945e+002	4.45394572e-001	
1.55733801e+002	4.90375302e-001	
1.55972656e+002	5.09448629e-001	
1.56211512e+002	5.13788886e-001	
1.56450368e+002	5.14826832e-001	
1.56689223e+002	5.14253383e-001	
1.56928079e+002	5.13052174e-001	
1.57166934e+002	5.11574505e-001	
1.57405790e+002	5.10069754e-001	
1.57644645e+002	5.08563610e-001	
1.57883501e+002	5.07055467e-001	
1.58122356e+002	5.05545109e-001	
1.58361212e+002	5.04036680e-001	
1.58600067e+002	5.02902987e-001	
1.58838923e+002	5.04030104e-001	
1.59077778e+002	5.09126556e-001	
1.59316634e+002	5.17110903e-001	
1.59555489e+002	5.25531709e-001	
1.59794345e+002	5.40823669e-001	
1.60033200e+002	5.52474927e-001	
1.60272056e+002	5.54602059e-001	
1.60510911e+002	5.47819458e-001	
1.60749767e+002	5.36916141e-001	
1.60988622e+002	5.28930601e-001	
1.61227478e+002	5.24466322e-001	
1.61466333e+002	5.23091565e-001	
1.61705189e+002	5.21492438e-001	
1.61944045e+002	5.15976879e-001	
1.62182900e+002	5.03503255e-001	
1.62421756e+002	4.75155716e-001	
1.62660611e+002	4.23065374e-001	
1.62899467e+002	3.52543990e-001	
1.63138322e+002	2.82135740e-001	
1.63377178e+002	2.26745938e-001	
1.63616033e+002	1.89360714e-001	
1.63854889e+002	1.63543645e-001	
1.64093744e+002	1.52509519e-001	
1.64332600e+002	1.50036487e-001	
1.64571455e+002	1.58508883e-001	
1.64810311e+002	1.81095281e-001	
1.65049166e+002	2.14438603e-001	
1.65288022e+002	2.53068550e-001	
1.65526877e+002	2.97081300e-001	
1.65765733e+002	3.25977887e-001	
1.66004588e+002	3.35846715e-001	
1.66243444e+002	3.39349869e-001	
1.66482299e+002	3.41192826e-001	
1.66721155e+002	3.42125814e-001	
1.66960011e+002	3.42732837e-001	
1.67198866e+002	3.43263073e-001	
1.67437722e+002	3.43786839e-001	
1.67676577e+002	3.44273414e-001	
1.67915433e+002	3.45147053e-001	
1.68154288e+002	3.46535356e-001	
1.68393144e+002	3.47923659e-001	
1.68631999e+002	3.52605124e-001	
1.68870855e+002	3.57398019e-001	
1.69109710e+002	3.62190914e-001	
1.69348566e+002	3.66983809e-001	
1.69587421e+002	3.71991958e-001	
1.69826277e+002	3.70878513e-001	
1.70065132e+002	3.65116563e-001	
1.70303988e+002	3.60054178e-001	
1.70542843e+002	3.56752854e-001	
1.70781699e+002	3.53742107e-001	
1.71020554e+002	3.50507836e-001	
1.71259410e+002	3.47336302e-001	
1.71498265e+002	3.44069465e-001	
1.71737121e+002	3.40469925e-001	
1.71975976e+002	3.35933047e-001	
1.72214832e+002	3.28160788e-001	
1.72453688e+002	3.07194195e-001	
1.72692543e+002	2.60812643e-001	
1.72931399e+002	2.07180792e-001	
1.73170254e+002	1.52773253e-001	
1.73409110e+002	1.09507167e-001	
1.73647965e+002	7.42754283e-002	
1.73886821e+002	6.10760119e-002	
1.74125676e+002	6.71044582e-002	
1.74364532e+002	6.09465156e-002	
1.74603387e+002	4.46493000e-002	
1.74842243e+002	2.96992260e-002	
1.75081098e+002	1.82271573e-002	
1.75319954e+002	9.66187522e-003	
1.75558809e+002	3.89760698e-003	
1.75797665e+002	1.08043002e-003	
1.76036520e+002	6.69758519e-004	
1.76275376e+002	7.84408496e-004	
1.76514231e+002	1.06572748e-003	
1.76753087e+002	1.37959361e-003	
1.76991942e+002	1.68635005e-003	
1.77230798e+002	2.00067167e-003	
1.77469654e+002	2.30762062e-003	
1.77708509e+002	2.61351452e-003	
1.77947365e+002	2.90310192e-003	
1.78186220e+002	3.16843264e-003	
1.78425076e+002	3.43376337e-003	
1.78663931e+002	3.67565225e-003	
1.78902787e+002	3.91575428e-003	
1.79141642e+002	4.11679049e-003	
1.79380498e+002	4.32115562e-003	
1.79619353e+002	4.52552075e-003	
1.79858209e+002	4.70437604e-003	
1.80097064e+002	4.87889602e-003	
1.80335920e+002	5.05371049e-003	
1.80574775e+002	5.22939319e-003	
1.80813631e+002	5.40507590e-003	
1.81052486e+002	5.60157182e-003	
1.81291342e+002	5.80423097e-003	
1.81530197e+002	5.99298224e-003	
1.81769053e+002	6.09207697e-003	
1.82007908e+002	5.93608396e-003	
1.82246764e+002	5.22395090e-003	
1.82485619e+002	2.23017244e-003	
1.82724475e+002	-3.24037229e-003	
1.82963331e+002	-1.23733712e-002	
1.83202186e+002	-2.26480830e-002	
1.83441042e+002	-3.37987717e-002	
1.83679897e+002	-4.66817399e-002	
1.83918753e+002	-6.40012515e-002	
1.84157608e+002	-8.22953062e-002	
1.84396464e+002	-1.05840787e-001	
1.84635319e+002	-1.35334044e-001	
1.84874175e+002	-1.77547621e-001	
1.85113030e+002	-2.35841118e-001	
1.85351886e+002	-2.90570772e-001	
1.85590741e+002	-3.33943692e-001	
1.85829597e+002	-3.55606628e-001	
1.86068452e+002	-3.64804750e-001	
1.86307308e+002	-3.66463853e-001	
1.86546163e+002	-3.61077419e-001	
1.86785019e+002	-3.47236236e-001	
1.87023874e+002	-3.38889895e-001	
1.87262730e+002	-3.38584346e-001	
1.87501585e+002	-3.41852307e-001	
1.87740441e+002	-3.43956268e-001	
1.87979297e+002	-3.45677356e-001	
1.88218152e+002	-3.47987870e-001	
1.88457008e+002	-3.51861002e-001	
1.88695863e+002	-3.57001387e-001	
1.88934719e+002	-3.58824261e-001	
1.89173574e+002	-3.56105420e-001	
1.89412430e+002	-3.52558629e-001	
1.89651285e+002	-3.49167310e-001	
1.89890141e+002	-3.46298886e-001	
1.90128996e+002	-3.43430462e-001	
1.90367852e+002	-3.41013273e-001	
1.90606707e+002	-3.38863860e-001	
1.90845563e+002	-3.36714863e-001	
1.91084418e+002	-3.34581598e-001	
1.91323274e+002	-3.32343249e-001	
1.91562129e+002	-3.29709466e-001	
1.91800985e+002	-3.26264891e-001	
1.92039840e+002	-3.20490957e-001	
1.92278696e+002	-3.07979963e-001	
1.92517551e+002	-2.78341938e-001	
1.92756407e+002	-2.35509538e-001	
1.92995263e+002	-1.94878993e-001	
1.93234118e+002	-1.67058484e-001	
1.93472974e+002	-1.52769488e-001	
1.93711829e+002	-1.53902456e-001	
1.93950685e+002	-1.60903388e-001	
1.94189540e+002	-1.74982334e-001	
1.94428396e+002	-1.99558541e-001	
1.94667251e+002	-2.39244864e-001	
1.94906107e+002	-2.96211274e-001	
1.95144962e+002	-3.70614155e-001	
1.95383818e+002	-4.39006767e-001	
1.95622673e+002	-4.76170822e-001	
1.95861529e+002	-4.98990307e-001	
1.96100384e+002	-5.08779595e-001	
1.96339240e+002	-5.13196035e-001	
1.96578095e+002	-5.15874360e-001	
1.96816951e+002	-5.18432393e-001	
1.97055806e+002	-5.20924889e-001	
1.97294662e+002	-5.23410047e-001	
1.97533517e+002	-5.25877817e-001	
1.97772373e+002	-5.28310303e-001	
1.98011228e+002	-5.30776882e-001	
1.98250084e+002	-5.33864556e-001	
1.98488940e+002	-5.40868504e-001	
1.98727795e+002	-5.47395188e-001	
1.98966651e+002	-5.50343464e-001	
1.99205506e+002	-5.43701561e-001	
1.99444362e+002	-5.34591275e-001	
1.99683217e+002	-5.27774489e-001	
1.99922073e+002	-5.22946006e-001	
2.00160928e+002	-5.19140858e-001	
2.00399784e+002	-5.15937440e-001	
2.00638639e+002	-5.12681095e-001	
2.00877495e+002	-5.09288718e-001	
2.01116350e+002	-5.05775861e-001	
2.01355206e+002	-5.02682314e-001	
2.01594061e+002	-4.98932150e-001	
2.01832917e+002	-4.93723368e-001	
2.02071772e+002	-4.79273954e-001	
2.02310628e+002	-4.51068512e-001	
2.02549483e+002	-4.00138661e-001	
2.02788339e+002	-3.31764632e-001	
2.03027194e+002	-2.70024975e-001	
2.03266050e+002	-2.36929059e-001	
2.03504906e+002	-2.18522897e-001	
2.03743761e+002	-2.19665863e-001	
2.03982617e+002	-2.30227020e-001	
2.04221472e+002	-2.45816053e-001	
2.04460328e+002	-2.82849167e-001	
2.04699183e+002	-3.49827034e-001	
2.04938039e+002	-4.29577624e-001	
2.05176894e+002	-5.21549384e-001	
2.05415750e+002	-6.07445050e-001	
2.05654605e+002	-6.51750610e-001	
2.05893461e+002	-6.75191624e-001	
2.06132316e+002	-6.85567709e-001	
2.06371172e+002	-6.90750905e-001	
2.06610027e+002	-6.94809344e-001	
2.06848883e+002	-6.98890717e-001	
2.07087738e+002	-7.02991166e-001	
2.07326594e+002	-7.07093576e-001	
2.07565449e+002	-7.11195985e-001	
2.07804305e+002	-7.15365804e-001	
2.08043160e+002	-7.19723472e-001	
2.08282016e+002	-7.25550290e-001	
2.08520871e+002	-7.37193667e-001	
2.08759727e+002	-7.45804609e-001	
2.08998583e+002	-7.44312644e-001	
2.09237438e+002	-7.35259529e-001	
2.09476294e+002	-7.24160800e-001	
2.09715149e+002	-7.18531687e-001	
2.09954005e+002	-7.13491120e-001	
2.10192860e+002	-7.08907498e-001	
2.10431716e+002	-7.04812466e-001	
2.10670571e+002	-7.00331538e-001	
2.10909427e+002	-6.95718942e-001	
2.11148282e+002	-6.91305049e-001	
2.11387138e+002	-6.86938486e-001	
2.11625993e+002	-6.80992549e-001	
2.11864849e+002	-6.70920169e-001	
2.12103704e+002	-6.49396074e-001	
2.12342560e+002	-5.93334144e-001	
2.12581415e+002	-5.00312587e-001	
2.12820271e+002	-4.03405548e-001	
2.13059126e+002	-3.28790668e-001	
2.13297982e+002	-2.74504529e-001	
2.13536837e+002	-2.42260190e-001	
2.13775693e+002	-2.27882130e-001	
2.14014549e+002	-2.21279443e-001	
2.14253404e+002	-2.21947319e-001	
2.14492260e+002	-2.46422791e-001	
2.14731115e+002	-2.93520489e-001	
2.14969971e+002	-3.57569398e-001	
2.15208826e+002	-4.22070157e-001	
2.15447682e+002	-4.63154986e-001	
2.15686537e+002	-4.89388635e-001	
2.15925393e+002	-4.99962021e-001	
2.16164248e+002	-5.06191120e-001	
2.16403104e+002	-5.10119706e-001	
2.16641959e+002	-5.13353727e-001	
2.16880815e+002	-5.16587748e-001	
2.17119670e+002	-5.19903103e-001	
2.17358526e+002	-5.23244306e-001	
2.17597381e+002	-5.26686848e-001	
2.17836237e+002	-5.30672534e-001	
2.18075092e+002	-5.34658220e-001	
2.18313948e+002	-5.39878780e-001	
2.18552803e+002	-5.46086925e-001	
2.18791659e+002	-5.52295069e-001	
2.19030515e+002	-5.50197705e-001	
2.19269370e+002	-5.43007581e-001	
2.19508226e+002	-5.35397383e-001	
2.19747081e+002	-5.31329086e-001	
2.19985937e+002	-5.28322331e-001	
2.20224792e+002	-5.25242588e-001	
2.20463648e+002	-5.22108241e-001	
2.20702503e+002	-5.18975022e-001	
2.20941359e+002	-5.16059873e-001	
2.21180214e+002	-5.12921230e-001	
2.21419070e+002	-5.09161927e-001	
2.21657925e+002	-5.03471996e-001	
2.21896781e+002	-4.93355274e-001	
2.22135636e+002	-4.63103869e-001	
2.22374492e+002	-4.10918762e-001	
2.22613347e+002	-3.44158681e-001	
2.22852203e+002	-2.72264841e-001	
2.23091058e+002	-2.19134629e-001	
2.23329914e+002	-1.82423051e-001	
2.23568769e+002	-1.65803051e-001	
2.23807625e+002	-1.56062352e-001	
2.24046480e+002	-1.49825545e-001	
2.24285336e+002	-1.57795523e-001	
2.24524192e+002	-1.76316714e-001	
2.24763047e+002	-2.04690902e-001	
2.25001903e+002	-2.40404799e-001	
2.25240758e+002	-2.88040059e-001	
2.25479614e+002	-3.27037537e-001	
2.25718469e+002	-3.36968168e-001	
2.25957325e+002	-3.41439678e-001	
2.26196180e+002	-3.44485532e-001	
2.26435036e+002	-3.47336062e-001	
2.26673891e+002	-3.50127730e-001	
2.26912747e+002	-3.52898443e-001	
2.27151602e+002	-3.55434473e-001	
2.27390458e+002	-3.57907989e-001	
2.27629313e+002	-3.60465373e-001	
2.27868169e+002	-3.63300330e-001	
2.28107024e+002	-3.66776974e-001	
2.28345880e+002	-3.73597216e-001	
2.28584735e+002	-3.77766344e-001	
2.28823591e+002	-3.77945323e-001	
2.29062446e+002	-3.74399222e-001	
2.29301302e+002	-3.70853120e-001	
2.29540158e+002	-3.68165853e-001	
2.29779013e+002	-3.65801239e-001	
2.30017869e+002	-3.63488506e-001	
2.30256724e+002	-3.61537967e-001	
2.30495580e+002	-3.59587427e-001	
2.30734435e+002	-3.57724446e-001	
2.30973291e+002	-3.55897824e-001	
2.31212146e+002	-3.53920282e-001	
2.31451002e+002	-3.51045750e-001	
2.31689857e+002	-3.45542225e-001	
2.31928713e+002	-3.36936439e-001	
2.32167568e+002	-3.15462328e-001	
2.32406424e+002	-2.66597407e-001	
2.32645279e+002	-2.07621820e-001	
2.32884135e+002	-1.55406205e-001	
2.33122990e+002	-1.18782367e-001	
2.33361846e+002	-9.14348380e-002	
2.33600701e+002	-7.05445143e-002	
2.33839557e+002	-5.29161081e-002	
2.34078412e+002	-3.65629053e-002	
2.34317268e+002	-2.25006918e-002	
2.34556123e+002	-9.97702256e-003	
2.34794979e+002	1.88550882e-003	
2.35033835e+002	1.28785377e-002	
2.35272690e+002	2.03317220e-002	
2.35511546e+002	2.31910437e-002	
2.35750401e+002	2.38444961e-002	
2.35989257e+002	2.39790072e-002	
2.36228112e+002	2.38171085e-002	
2.36466968e+002	2.35334919e-002	
2.36705823e+002	2.32498753e-002	
2.36944679e+002	2.36174537e-002	
2.37183534e+002	2.46164818e-002	
2.37422390e+002	2.56155099e-002	
2.37661245e+002	1.92211590e-002	
2.37900101e+002	5.75505946e-003	
2.38138956e+002	-9.42480648e-003	
2.38377812e+002	-1.90915874e-002	
2.38616667e+002	-1.89447756e-002	
2.38855523e+002	-1.83376635e-002	
2.39094378e+002	-1.81658353e-002	
2.39333234e+002	-1.84174412e-002	
2.39572089e+002	-1.87900937e-002	
2.39810945e+002	-1.91434130e-002	
2.40049801e+002	-1.94761888e-002	
2.40288656e+002	-1.97802580e-002	
2.40527512e+002	-2.00321218e-002	
2.40766367e+002	-2.02493710e-002	
2.41005223e+002	-2.04345897e-002	
2.41244078e+002	-2.05538859e-002	
2.41482934e+002	-2.05617307e-002	
2.41721789e+002	-1.99385873e-002	
2.41960645e+002	-1.79609999e-002	
2.42199500e+002	-1.40125791e-002	
2.42438356e+002	-5.52149548e-003	
2.42677211e+002	5.20084112e-003	
2.42916067e+002	1.74015347e-002	
2.43154922e+002	3.05031705e-002	
2.43393778e+002	4.49272013e-002	
2.43632633e+002	6.20911501e-002	
2.43871489e+002	8.14384858e-002	
2.44110344e+002	1.03381897e-001	
2.44349200e+002	1.37203528e-001	
2.44588055e+002	1.82104978e-001	
2.44826911e+002	2.37890450e-001	
2.45065766e+002	2.87506691e-001	
2.45304622e+002	3.24706055e-001	
2.45543478e+002	3.45426719e-001	
2.45782333e+002	3.52143742e-001	
2.46021189e+002	3.55746119e-001	
2.46260044e+002	3.58110692e-001	
2.46498900e+002	3.60031338e-001	
2.46737755e+002	3.61792114e-001	
2.46976611e+002	3.63585518e-001	
2.47215466e+002	3.65337071e-001	
2.47454322e+002	3.67239353e-001	
2.47693177e+002	3.69613551e-001	
2.47932033e+002	3.71987749e-001	
2.48170888e+002	3.75059152e-001	
2.48409744e+002	3.78460269e-001	
2.48648599e+002	3.81526074e-001	
2.48887455e+002	3.78887808e-001	
2.49126310e+002	3.72766119e-001	
2.49365166e+002	3.67398527e-001	
2.49604021e+002	3.64142933e-001	
2.49842877e+002	3.61719213e-001	
2.50081732e+002	3.60121351e-001	
2.50320588e+002	3.59065159e-001	
2.50559444e+002	3.47775467e-001	
2.50798299e+002	3.31892744e-001	
2.51037155e+002	3.27617087e-001	
2.51276010e+002	3.24866499e-001	
2.51514866e+002	3.21177676e-001	
2.51753721e+002	3.14002832e-001	
2.51992577e+002	2.95414997e-001	
2.52231432e+002	2.66532004e-001	
2.52470288e+002	2.23696586e-001	
2.52709143e+002	1.88747466e-001	
2.52947999e+002	1.64600642e-001	
2.53186854e+002	1.53155860e-001	
2.53425710e+002	1.51436740e-001	
2.53664565e+002	1.60295312e-001	
2.53903421e+002	1.71172060e-001	
2.54142276e+002	1.96619300e-001	
2.54381132e+002	2.44518931e-001	
2.54619987e+002	3.05515592e-001	
2.54858843e+002	3.77160472e-001	
2.55097698e+002	4.40124356e-001	
2.55336554e+002	4.78307231e-001	
2.55575410e+002	4.99158254e-001	
2.55814265e+002	5.07955984e-001	
2.56053121e+002	5.12231357e-001	
2.56291976e+002	5.15585719e-001	
2.56530832e+002	5.18639538e-001	
2.56769687e+002	5.21603558e-001	
2.57008543e+002	5.24648699e-001	
2.57247398e+002	5.27612777e-001	
2.57486254e+002	5.31371094e-001	
2.57725109e+002	5.35549800e-001	
2.57963965e+002	5.39632369e-001	
2.58202820e+002	5.42009885e-001	
2.58441676e+002	5.44387400e-001	
2.58680531e+002	5.44424821e-001	
2.58919387e+002	5.41573500e-001	
2.59158242e+002	5.38722180e-001	
2.59397098e+002	5.34224864e-001	
2.59635953e+002	5.29437452e-001	
2.59874809e+002	5.24953625e-001	
2.60113664e+002	5.21387498e-001	
2.60352520e+002	5.17821370e-001	
2.60591375e+002	5.14356312e-001	
2.60830231e+002	5.10946401e-001	
2.61069087e+002	5.07483946e-001	
2.61307942e+002	5.02915986e-001	
2.61546798e+002	4.95162463e-001	
2.61785653e+002	4.81927309e-001	
2.62024509e+002	4.46760072e-001	
2.62263364e+002	3.88277952e-001	
2.62502220e+002	3.21968853e-001	
2.62741075e+002	2.72671732e-001	
2.62979931e+002	2.36388891e-001	
2.63218786e+002	2.18585181e-001	
2.63457642e+002	2.21409839e-001	
2.63696497e+002	2.30771166e-001	
2.63935353e+002	2.47475273e-001	
2.64174208e+002	2.90212073e-001	
2.64413064e+002	3.55843326e-001	
2.64651919e+002	4.48159065e-001	
2.64890775e+002	5.46174410e-001	
2.65129630e+002	6.28597539e-001	
2.65368486e+002	6.63077909e-001	
2.65607341e+002	6.82409473e-001	
2.65846197e+002	6.90694274e-001	
2.66085053e+002	6.97080191e-001	
2.66323908e+002	7.02644482e-001	
2.66562764e+002	7.07935645e-001	
2.66801619e+002	7.13114190e-001	
2.67040475e+002	7.18317075e-001	
2.67279330e+002	7.24082150e-001	
2.67518186e+002	7.29985560e-001	
2.67757041e+002	7.34903319e-001	
2.67995897e+002	7.37817943e-001	
2.68234752e+002	7.40732566e-001	
2.68473608e+002	7.36347051e-001	
2.68712463e+002	7.31723302e-001	
2.68951319e+002	7.26576821e-001	
2.69190174e+002	7.20592749e-001	
2.69429030e+002	7.14608678e-001	
2.69667885e+002	7.12017066e-001	
2.69906741e+002	7.09754638e-001	
2.70145596e+002	7.07529670e-001	
2.70384452e+002	7.05352609e-001	
2.70623307e+002	7.03175548e-001	
2.70862163e+002	7.00191296e-001	
2.71101018e+002	6.97178682e-001	
2.71339874e+002	6.92257343e-001	
2.71578730e+002	6.83929763e-001	
2.71817585e+002	6.60060458e-001	
2.72056441e+002	5.94662376e-001	
2.72295296e+002	4.98254790e-001	
2.72534152e+002	3.93209790e-001	
2.72773007e+002	3.21303820e-001	
2.73011863e+002	2.72299180e-001	
2.73250718e+002	2.36425347e-001	
2.73489574e+002	2.16331497e-001	
2.73728429e+002	2.08676207e-001	
2.73967285e+002	2.20315274e-001	
2.74206140e+002	2.47703821e-001	
2.74444996e+002	2.92553451e-001	
2.74683851e+002	3.54601186e-001	
2.74922707e+002	4.17761343e-001	
2.75161562e+002	4.68260583e-001	
2.75400418e+002	4.89448663e-001	
2.75639273e+002	5.00865224e-001	
2.75878129e+002	5.08687955e-001	
2.76116984e+002	5.15497257e-001	
2.76355840e+002	5.21903048e-001	
2.76594696e+002	5.28370160e-001	
2.76833551e+002	5.35289911e-001	
2.77072407e+002	5.42427684e-001	
2.77311262e+002	5.52327682e-001	
2.77550118e+002	5.59865786e-001	
2.77788973e+002	5.59485903e-001	
2.78027829e+002	5.47660794e-001	
2.78266684e+002	5.33072963e-001	
2.78505540e+002	5.25048513e-001	
2.78744395e+002	5.21109106e-001	
2.78983251e+002	5.19847319e-001	
2.79222106e+002	5.20143384e-001	
2.79460962e+002	5.21020843e-001	
2.79699817e+002	5.21922052e-001	
2.79938673e+002	5.22818147e-001	
2.80177528e+002	5.23692975e-001	
2.80416384e+002	5.24513883e-001	
2.80655239e+002	5.25186506e-001	
2.80894095e+002	5.25154970e-001	
2.81132950e+002	5.25069957e-001	
2.81371806e+002	5.22126024e-001	
2.81610662e+002	5.13013315e-001	
2.81849517e+002	4.94105991e-001	
2.82088373e+002	4.34212721e-001	
2.82327228e+002	3.55321872e-001	
2.82566084e+002	2.72920154e-001	
2.82804939e+002	2.11821934e-001	
2.83043795e+002	1.75500995e-001	
2.83282650e+002	1.56013589e-001	
2.83521506e+002	1.45561535e-001	
2.83760361e+002	1.44937920e-001	
2.83999217e+002	1.53950342e-001	
2.84238072e+002	1.74810439e-001	
2.84476928e+002	2.10539005e-001	
2.84715783e+002	2.51433023e-001	
2.84954639e+002	2.91350087e-001	
2.85193494e+002	3.13213609e-001	
2.85432350e+002	3.26034222e-001	
2.85671205e+002	3.33162048e-001	
2.85910061e+002	3.39169621e-001	
2.86148916e+002	3.45386159e-001	
2.86387772e+002	3.51756153e-001	
2.86626627e+002	3.57350946e-001	
2.86865483e+002	3.59882934e-001	
2.87104339e+002	3.62414922e-001	
2.87343194e+002	3.59636571e-001	
2.87582050e+002	3.55031486e-001	
2.87820905e+002	3.49958541e-001	
2.88059761e+002	3.43529428e-001	
2.88298616e+002	3.37100315e-001	
2.88537472e+002	3.33024586e-001	
2.88776327e+002	3.32091717e-001	
2.89015183e+002	3.36803947e-001	
2.89254038e+002	3.49594327e-001	
2.89492894e+002	3.64120087e-001	
2.89731749e+002	3.70074893e-001	
2.89970605e+002	3.72547202e-001	
2.90209460e+002	3.74176792e-001	
2.90448316e+002	3.76460578e-001	
2.90687171e+002	3.78861112e-001	
2.90926027e+002	3.80921291e-001	
2.91164882e+002	3.82380971e-001	
2.91403738e+002	3.82013656e-001	
2.91642593e+002	3.78512315e-001	
2.91881449e+002	3.57576943e-001	
2.92120305e+002	2.83707405e-001	
2.92359160e+002	2.06235719e-001	
2.92598016e+002	1.51742495e-001	
2.92836871e+002	1.13067174e-001	
2.93075727e+002	8.54934187e-002	
2.93314582e+002	6.61094309e-002	
2.93553438e+002	5.08557347e-002	
2.93792293e+002	3.81637182e-002	
2.94031149e+002	2.68922816e-002	
2.94270004e+002	1.59120314e-002	
2.94508860e+002	5.72225297e-003	
2.94747715e+002	-2.19999177e-003	
2.94986571e+002	-7.63159655e-003	
2.95225426e+002	-1.07220789e-002	
2.95464282e+002	-1.14134402e-002	
2.95703137e+002	-1.15401009e-002	
2.95941993e+002	-1.15762253e-002	
2.96180848e+002	-1.16247544e-002	
2.96419704e+002	-1.16396660e-002	
2.96658559e+002	-1.15584976e-002	
2.96897415e+002	-1.11568159e-002	
2.97136270e+002	-1.06293137e-002	
2.97375126e+002	-1.01483338e-002	
2.97613982e+002	-9.70867609e-003	
2.97852837e+002	-9.29707314e-003	
2.98091693e+002	-8.91564288e-003	
2.98330548e+002	-8.58510545e-003	
2.98569404e+002	-8.29388647e-003	
2.98808259e+002	-8.01568708e-003	
2.99047115e+002	-7.73663066e-003	
2.99285970e+002	-7.45530668e-003	
2.99524826e+002	-7.17398270e-003	
2.99763681e+002	-6.82883501e-003	
3.00002537e+002	-6.46789275e-003	
3.00241392e+002	-6.07121708e-003	
3.00480248e+002	-5.60162431e-003	
3.00719103e+002	-5.13203154e-003	
3.00957959e+002	-4.73884360e-003	
3.01196814e+002	-5.80159695e-003	
3.01435670e+002	-8.31840767e-003	
3.01674525e+002	-9.16135699e-003	
3.01913381e+002	3.60671023e-003	
3.02152236e+002	1.40809845e-002	
3.02391092e+002	4.87935535e-003	
3.02629948e+002	-1.38852211e-002	
3.02868803e+002	-2.69810146e-002	
3.03107659e+002	-4.03459539e-002	
3.03346514e+002	-5.61102511e-002	
3.03585370e+002	-7.60631500e-002	
3.03824225e+002	-1.01077213e-001	
3.04063081e+002	-1.31800393e-001	
3.04301936e+002	-1.76318904e-001	
3.04540792e+002	-2.40395042e-001	
3.04779647e+002	-2.95007192e-001	
3.05018503e+002	-3.32530564e-001	
3.05257358e+002	-3.52767231e-001	
3.05496214e+002	-3.65128462e-001	
3.05735069e+002	-3.78184606e-001	
3.05973925e+002	-3.85075818e-001	
3.06212780e+002	-3.83834180e-001	
3.06451636e+002	-3.78108416e-001	
3.06690491e+002	-3.72286109e-001	
3.06929347e+002	-3.65810129e-001	
3.07168202e+002	-3.59334150e-001	
3.07407058e+002	-3.54402263e-001	
3.07645913e+002	-3.50280250e-001	
3.07884769e+002	-3.46665063e-001	
3.08123625e+002	-3.45309440e-001	
3.08362480e+002	-3.43953817e-001	
3.08601336e+002	-3.44582431e-001	
3.08840191e+002	-3.46019669e-001	
3.09079047e+002	-3.48101216e-001	
3.09317902e+002	-3.52248782e-001	
3.09556758e+002	-3.56396349e-001	
3.09795613e+002	-3.60819765e-001	
3.10034469e+002	-3.65719382e-001	
3.10273324e+002	-3.70752743e-001	
3.10512180e+002	-3.75264596e-001	
3.10751035e+002	-3.79776449e-001	
3.10989891e+002	-3.74729028e-001	
3.11228746e+002	-3.61611526e-001	
3.11467602e+002	-3.42214839e-001	
3.11706457e+002	-3.17426092e-001	
3.11945313e+002	-2.73696248e-001	
3.12184168e+002	-2.23927252e-001	
3.12423024e+002	-1.84289438e-001	
3.12661879e+002	-1.64000768e-001	
3.12900735e+002	-1.52229828e-001	
3.13139591e+002	-1.49588096e-001	
3.13378446e+002	-1.56820505e-001	
3.13617302e+002	-1.77200306e-001	
3.13856157e+002	-2.08349443e-001	
3.14095013e+002	-2.52748251e-001	
3.14333868e+002	-3.20555704e-001	
3.14572724e+002	-3.90614309e-001	
3.14811579e+002	-4.54791861e-001	
3.15050435e+002	-5.06588980e-001	
3.15289290e+002	-5.41227941e-001	
3.15528146e+002	-5.58544529e-001	
3.15767001e+002	-5.54195418e-001	
3.16005857e+002	-5.45314721e-001	
3.16244712e+002	-5.37325448e-001	
3.16483568e+002	-5.31023946e-001	
3.16722423e+002	-5.25023876e-001	
3.16961279e+002	-5.19287453e-001	
3.17200134e+002	-5.13709535e-001	
3.17438990e+002	-5.08376157e-001	
3.17677845e+002	-5.03628949e-001	
3.17916701e+002	-4.99990615e-001	
3.18155557e+002	-4.98565400e-001	
3.18394412e+002	-5.00759562e-001	
3.18633268e+002	-5.05832360e-001	
3.18872123e+002	-5.12899158e-001	
3.19110979e+002	-5.21122210e-001	
3.19349834e+002	-5.29987578e-001	
3.19588690e+002	-5.38852946e-001	
3.19827545e+002	-5.50738350e-001	
3.20066401e+002	-5.61141218e-001	
3.20305256e+002	-5.64485063e-001	
3.20544112e+002	-5.54509582e-001	
3.20782967e+002	-5.38151364e-001	
3.21021823e+002	-5.24467415e-001	
3.21260678e+002	-5.06626477e-001	
3.21499534e+002	-4.80052465e-001	
3.21738389e+002	-4.41507255e-001	
3.21977245e+002	-3.74961512e-001	
3.22216100e+002	-3.07577774e-001	
3.22454956e+002	-2.57205373e-001	
3.22693811e+002	-2.25220573e-001	
3.22932667e+002	-2.09761693e-001	
3.23171522e+002	-2.09177556e-001	
3.23410378e+002	-2.21421284e-001	
3.23649234e+002	-2.45143166e-001	
3.23888089e+002	-2.89510747e-001	
3.24126945e+002	-3.58373489e-001	
3.24365800e+002	-4.64921393e-001	
3.24604656e+002	-5.93190507e-001	
3.24843511e+002	-7.03540971e-001	
3.25082367e+002	-7.37037089e-001	
3.25321222e+002	-7.38101288e-001	
3.25560078e+002	-7.30847627e-001	
3.25798933e+002	-7.25472045e-001	
3.26037789e+002	-7.20164385e-001	
3.26276644e+002	-7.14984877e-001	
3.26515500e+002	-7.09953809e-001	
3.26754355e+002	-7.05041996e-001	
3.26993211e+002	-6.99985092e-001	
3.27232066e+002	-6.95095568e-001	
3.27470922e+002	-6.90582403e-001	
3.27709777e+002	-6.87036890e-001	
3.27948633e+002	-6.85348436e-001	
3.28187488e+002	-6.87621769e-001	
3.28426344e+002	-6.94802354e-001	
3.28665200e+002	-7.05346699e-001	
3.28904055e+002	-7.19422755e-001	
3.29142911e+002	-7.36233283e-001	
3.29381766e+002	-7.51587735e-001	
3.29620622e+002	-7.66942187e-001	
3.29859477e+002	-7.67788630e-001	
3.30098333e+002	-7.56330583e-001	
3.30337188e+002	-7.39060224e-001	
3.30576044e+002	-7.25622920e-001	
3.30814899e+002	-7.12379304e-001	
3.31053755e+002	-6.96550566e-001	
3.31292610e+002	-6.73671581e-001	
3.31531466e+002	-6.37455421e-001	
3.31770321e+002	-5.64981101e-001	
3.32009177e+002	-4.57839723e-001	
3.32248032e+002	-3.60155322e-001	
3.32486888e+002	-2.90638020e-001	
3.32725743e+002	-2.49026678e-001	
3.32964599e+002	-2.22813578e-001	
3.33203454e+002	-2.09579959e-001	
3.33442310e+002	-2.08739159e-001	
3.33681165e+002	-2.22423130e-001	
3.33920021e+002	-2.53709987e-001	
3.34158877e+002	-3.13750431e-001	
3.34397732e+002	-4.05895912e-001	
3.34636588e+002	-4.73212940e-001	
3.34875443e+002	-5.02093178e-001	
3.35114299e+002	-5.16080377e-001	
3.35353154e+002	-5.20066528e-001	
3.35592010e+002	-5.19664524e-001	
3.35830865e+002	-5.18517420e-001	
3.36069721e+002	-5.17342704e-001	
3.36308576e+002	-5.16036589e-001	
3.36547432e+002	-5.14594539e-001	
3.36786287e+002	-5.13195530e-001	
3.37025143e+002	-5.14046992e-001	
3.37263998e+002	-5.14898455e-001	
3.37502854e+002	-5.15749917e-001	
3.37741709e+002	-5.16601380e-001	
3.37980565e+002	-5.17819377e-001	
3.38219420e+002	-5.23672428e-001	
3.38458276e+002	-5.29525479e-001	
3.38697131e+002	-5.38345352e-001	
3.38935987e+002	-5.49138683e-001	
3.39174843e+002	-5.59054015e-001	
3.39413698e+002	-5.58441169e-001	
3.39652554e+002	-5.48149323e-001	
3.39891409e+002	-5.38832758e-001	
3.40130265e+002	-5.32367724e-001	
3.40369120e+002	-5.29030184e-001	
3.40607976e+002	-5.29026443e-001	
3.40846831e+002	-5.25370155e-001	
3.41085687e+002	-5.16201002e-001	
3.41324542e+002	-5.00648789e-001	
3.41563398e+002	-4.65036214e-001	
3.41802253e+002	-3.97055360e-001	
3.42041109e+002	-3.19217317e-001	
3.42279964e+002	-2.52410953e-001	
3.42518820e+002	-2.08324167e-001	
3.42757675e+002	-1.75837828e-001	
3.42996531e+002	-1.57348661e-001	
3.43235386e+002	-1.52015070e-001	
3.43474242e+002	-1.56422388e-001	
3.43713097e+002	-1.70871346e-001	
3.43951953e+002	-1.97622380e-001	
3.44190809e+002	-2.34152243e-001	
3.44429664e+002	-2.78227210e-001	
3.44668520e+002	-3.11925266e-001	
3.44907375e+002	-3.32267139e-001	
3.45146231e+002	-3.41694511e-001	
3.45385086e+002	-3.44593040e-001	
3.45623942e+002	-3.45665333e-001	
3.45862797e+002	-3.46372682e-001	
3.46101653e+002	-3.47051558e-001	
3.46340508e+002	-3.47657593e-001	
3.46579364e+002	-3.48176335e-001	
3.46818219e+002	-3.48695077e-001	
3.47057075e+002	-3.50265281e-001	
3.47295930e+002	-3.51854619e-001	
3.47534786e+002	-3.54152886e-001	
3.47773641e+002	-3.57133977e-001	
3.48012497e+002	-3.60115069e-001	
3.48251352e+002	-3.63096161e-001	
3.48490208e+002	-3.66077252e-001	
3.48729063e+002	-3.67618277e-001	
3.48967919e+002	-3.67358246e-001	
3.49206774e+002	-3.66804568e-001	
3.49445630e+002	-3.63323037e-001	
3.49684486e+002	-3.59841507e-001	
3.49923341e+002	-3.56504193e-001	
3.50162197e+002	-3.53255867e-001	
3.50401052e+002	-3.49982574e-001	
3.50639908e+002	-3.46562833e-001	
3.50878763e+002	-3.42120764e-001	
3.51117619e+002	-3.34472573e-001	
3.51356474e+002	-3.18546402e-001	
3.51595330e+002	-2.90498156e-001	
3.51834185e+002	-2.41060796e-001	
3.52073041e+002	-1.81726370e-001	
3.52311896e+002	-1.32687360e-001	
3.52550752e+002	-9.31913166e-002	
3.52789607e+002	-6.43192669e-002	
3.53028463e+002	-6.21565610e-002	
3.53267318e+002	-6.50554472e-002	
3.53506174e+002	-5.41896979e-002	
3.53745029e+002	-3.71446868e-002	
3.53983885e+002	-2.31355505e-002	
3.54222740e+002	-1.27171033e-002	
3.54461596e+002	-6.03524012e-003	
3.54700452e+002	-2.36846526e-003	
3.54939307e+002	-8.51608887e-004	
3.55178163e+002	-6.16797480e-004	
3.55417018e+002	-8.26777411e-004	
3.55655874e+002	-1.18181491e-003	
3.55894729e+002	-1.52288237e-003	
3.56133585e+002	-1.86224038e-003	
3.56372440e+002	-2.18305232e-003	
3.56611296e+002	-2.47806561e-003	
3.56850151e+002	-2.77307889e-003	
3.57089007e+002	-3.06181982e-003	
3.57327862e+002	-3.35019915e-003	
3.57566718e+002	-3.62416438e-003	
3.57805573e+002	-3.88205363e-003	
3.58044429e+002	-4.13994268e-003	
