% Column 0: Length, mm
% Column 1: B.n, Tesla
0.00000000e+000	1.09516423e-003	
2.38848405e-001	1.50537494e-003	
4.77696810e-001	1.75149403e-002	
7.16545215e-001	4.64661904e-002	
9.55393619e-001	7.65079600e-002	
1.19424202e+000	1.09206422e-001	
1.43309043e+000	1.42112975e-001	
1.67193883e+000	1.62959119e-001	
1.91078724e+000	1.70063169e-001	
2.14963564e+000	1.73900608e-001	
2.38848405e+000	1.75831705e-001	
2.62733245e+000	1.76965924e-001	
2.86618086e+000	1.78035113e-001	
3.10502926e+000	1.79113881e-001	
3.34387767e+000	1.80202430e-001	
3.58272607e+000	1.81356540e-001	
3.82157448e+000	1.82755914e-001	
4.06042288e+000	1.84155289e-001	
4.29927129e+000	1.84738368e-001	
4.53811969e+000	1.85034009e-001	
4.77696810e+000	1.84762733e-001	
5.01581650e+000	1.83136823e-001	
5.25466491e+000	1.81510913e-001	
5.49351331e+000	1.79961534e-001	
5.73236172e+000	1.78430332e-001	
5.97121012e+000	1.77168757e-001	
6.21005853e+000	1.76425363e-001	
6.44890693e+000	1.75681969e-001	
6.68775534e+000	1.74971279e-001	
6.92660374e+000	1.74265198e-001	
7.16545215e+000	1.73487053e-001	
7.40430055e+000	1.72605502e-001	
7.64314896e+000	1.71723952e-001	
7.88199736e+000	1.70287221e-001	
8.12084577e+000	1.67804818e-001	
8.35969417e+000	1.60927789e-001	
8.59854258e+000	1.45103870e-001	
8.83739098e+000	1.25115788e-001	
9.07623938e+000	1.12315405e-001	
9.31508779e+000	1.06434156e-001	
9.55393619e+000	1.03857340e-001	
9.79278460e+000	1.08619211e-001	
1.00316330e+001	1.19551700e-001	
1.02704814e+001	1.36424797e-001	
1.05093298e+001	1.67878310e-001	
1.07481782e+001	2.03340649e-001	
1.09870266e+001	2.66629350e-001	
1.12258750e+001	3.42662390e-001	
1.14647234e+001	3.96538075e-001	
1.17035718e+001	4.30814739e-001	
1.19424202e+001	4.50702548e-001	
1.21812686e+001	4.59606503e-001	
1.24201171e+001	4.60452278e-001	
1.26589655e+001	4.53421550e-001	
1.28978139e+001	4.49595397e-001	
1.31366623e+001	4.52537869e-001	
1.33755107e+001	4.58138276e-001	
1.36143591e+001	4.64871486e-001	
1.38532075e+001	4.73085361e-001	
1.40920559e+001	4.76142873e-001	
1.43309043e+001	4.68020523e-001	
1.45697527e+001	4.56289420e-001	
1.48086011e+001	4.45604541e-001	
1.50474495e+001	4.39193113e-001	
1.52862979e+001	4.36562186e-001	
1.55251463e+001	4.35933985e-001	
1.57639947e+001	4.36085898e-001	
1.60028431e+001	4.36567194e-001	
1.62416915e+001	4.37118412e-001	
1.64805399e+001	4.37669588e-001	
1.67193883e+001	4.38186249e-001	
1.69582367e+001	4.38646858e-001	
1.71970852e+001	4.39041422e-001	
1.74359336e+001	4.39298220e-001	
1.76747820e+001	4.39273685e-001	
1.79136304e+001	4.37056780e-001	
1.81524788e+001	4.24345827e-001	
1.83913272e+001	3.95622616e-001	
1.86301756e+001	3.49162184e-001	
1.88690240e+001	2.86530322e-001	
1.91078724e+001	2.31420943e-001	
1.93467208e+001	2.03369332e-001	
1.95855692e+001	1.88826002e-001	
1.98244176e+001	1.86547582e-001	
2.00632660e+001	1.96142501e-001	
2.03021144e+001	2.18447478e-001	
2.05409628e+001	2.59764821e-001	
2.07798112e+001	3.14967671e-001	
2.10186596e+001	3.98986627e-001	
2.12575080e+001	4.90916876e-001	
2.14963564e+001	5.65082988e-001	
2.17352048e+001	6.01545966e-001	
2.19740532e+001	6.19826381e-001	
2.22129017e+001	6.33102900e-001	
2.24517501e+001	6.44073515e-001	
2.26905985e+001	6.54444944e-001	
2.29294469e+001	6.65502216e-001	
2.31682953e+001	6.75272160e-001	
2.34071437e+001	6.84787240e-001	
2.36459921e+001	6.87382222e-001	
2.38848405e+001	6.76600921e-001	
2.41236889e+001	6.55275754e-001	
2.43625373e+001	6.40347093e-001	
2.46013857e+001	6.28455873e-001	
2.48402341e+001	6.19163664e-001	
2.50790825e+001	6.15690473e-001	
2.53179309e+001	6.15683299e-001	
2.55567793e+001	6.17630239e-001	
2.57956277e+001	6.20317410e-001	
2.60344761e+001	6.23432488e-001	
2.62733245e+001	6.26714648e-001	
2.65121729e+001	6.29962421e-001	
2.67510213e+001	6.33337459e-001	
2.69898697e+001	6.36712496e-001	
2.72287182e+001	6.40074895e-001	
2.74675666e+001	6.43308248e-001	
2.77064150e+001	6.46224759e-001	
2.79452634e+001	6.47615367e-001	
2.81841118e+001	6.37275296e-001	
2.84229602e+001	5.53755804e-001	
2.86618086e+001	4.50290968e-001	
2.89006570e+001	3.52049804e-001	
2.91395054e+001	2.83700150e-001	
2.93783538e+001	2.46648854e-001	
2.96172022e+001	2.25343748e-001	
2.98560506e+001	2.15918682e-001	
3.00948990e+001	2.22952155e-001	
3.03337474e+001	2.43873305e-001	
3.05725958e+001	2.83515309e-001	
3.08114442e+001	3.47456500e-001	
3.10502926e+001	4.32745288e-001	
3.12891410e+001	5.15313123e-001	
3.15279894e+001	5.77915176e-001	
3.17668378e+001	6.12293677e-001	
3.20056863e+001	6.32644974e-001	
3.22445347e+001	6.50484125e-001	
3.24833831e+001	6.64381968e-001	
3.27222315e+001	6.71912505e-001	
3.29610799e+001	6.79443043e-001	
3.31999283e+001	6.73759254e-001	
3.34387767e+001	6.66657065e-001	
3.36776251e+001	6.57829758e-001	
3.39164735e+001	6.46900600e-001	
3.41553219e+001	6.35971443e-001	
3.43941703e+001	6.32516173e-001	
3.46330187e+001	6.29174711e-001	
3.48718671e+001	6.25833248e-001	
3.51107155e+001	6.22491785e-001	
3.53495639e+001	6.19509630e-001	
3.55884123e+001	6.22890002e-001	
3.58272607e+001	6.26270374e-001	
3.60661091e+001	6.31271059e-001	
3.63049575e+001	6.37408583e-001	
3.65438059e+001	6.43660083e-001	
3.67826543e+001	6.50732622e-001	
3.70215028e+001	6.57805160e-001	
3.72603512e+001	6.67282719e-001	
3.74991996e+001	6.74568648e-001	
3.77380480e+001	6.71001224e-001	
3.79768964e+001	6.43387729e-001	
3.82157448e+001	5.82513746e-001	
3.84545932e+001	4.95402508e-001	
3.86934416e+001	4.02073745e-001	
3.89322900e+001	3.12039618e-001	
3.91711384e+001	2.49121484e-001	
3.94099868e+001	2.16478410e-001	
3.96488352e+001	1.94142218e-001	
3.98876836e+001	1.84359084e-001	
4.01265320e+001	1.87708942e-001	
4.03653804e+001	1.98568644e-001	
4.06042288e+001	2.27296554e-001	
4.08430772e+001	2.75236533e-001	
4.10819256e+001	3.38930864e-001	
4.13207740e+001	3.96849139e-001	
4.15596224e+001	4.33790370e-001	
4.17984709e+001	4.52722580e-001	
4.20373193e+001	4.72066990e-001	
4.22761677e+001	4.83750460e-001	
4.25150161e+001	4.85280013e-001	
4.27538645e+001	4.79179429e-001	
4.29927129e+001	4.73078845e-001	
4.32315613e+001	4.66257440e-001	
4.34704097e+001	4.59434855e-001	
4.37092581e+001	4.53401686e-001	
4.39481065e+001	4.48061324e-001	
4.41869549e+001	4.42921779e-001	
4.44258033e+001	4.40587148e-001	
4.46646517e+001	4.38252517e-001	
4.49035001e+001	4.38925967e-001	
4.51423485e+001	4.41596146e-001	
4.53811969e+001	4.44686675e-001	
4.56200453e+001	4.50464469e-001	
4.58588937e+001	4.56242263e-001	
4.60977421e+001	4.63088938e-001	
4.63365905e+001	4.70463301e-001	
4.65754389e+001	4.77569968e-001	
4.68142874e+001	4.83630219e-001	
4.70531358e+001	4.89690469e-001	
4.72919842e+001	4.86014226e-001	
4.75308326e+001	4.73830467e-001	
4.77696810e+001	4.56093782e-001	
4.80085294e+001	4.32238026e-001	
4.82473778e+001	3.87078501e-001	
4.84862262e+001	3.22498991e-001	
4.87250746e+001	2.44960874e-001	
4.89639230e+001	1.93382942e-001	
4.92027714e+001	1.53476112e-001	
4.94416198e+001	1.25851087e-001	
4.96804682e+001	1.07865293e-001	
4.99193166e+001	9.76702639e-002	
5.01581650e+001	9.17869375e-002	
5.03970134e+001	9.02044541e-002	
5.06358618e+001	9.48313290e-002	
5.08747102e+001	1.07598438e-001	
5.11135586e+001	1.37556933e-001	
5.13524070e+001	1.69404958e-001	
5.15912555e+001	1.91071052e-001	
5.18301039e+001	1.98266050e-001	
5.20689523e+001	1.97118273e-001	
5.23078007e+001	1.94891772e-001	
5.25466491e+001	1.92967526e-001	
5.27854975e+001	1.91549413e-001	
5.30243459e+001	1.90143150e-001	
5.32631943e+001	1.88872825e-001	
5.35020427e+001	1.87602501e-001	
5.37408911e+001	1.86588287e-001	
5.39797395e+001	1.85734811e-001	
5.42185879e+001	1.85065927e-001	
5.44574363e+001	1.85454445e-001	
5.46962847e+001	1.85842963e-001	
5.49351331e+001	1.87389194e-001	
5.51739815e+001	1.89473128e-001	
5.54128299e+001	1.91935392e-001	
5.56516783e+001	1.95762197e-001	
5.58905267e+001	1.99589002e-001	
5.61293751e+001	2.03475422e-001	
5.63682235e+001	2.07381578e-001	
5.66070720e+001	2.09657755e-001	
5.68459204e+001	2.07702071e-001	
5.70847688e+001	2.02082975e-001	
5.73236172e+001	1.97626863e-001	
5.75624656e+001	1.92664037e-001	
5.78013140e+001	1.85471055e-001	
5.80401624e+001	1.74241382e-001	
5.82790108e+001	1.50548933e-001	
5.85178592e+001	1.16429623e-001	
5.87567076e+001	8.17838096e-002	
5.89955560e+001	5.43896198e-002	
5.92344044e+001	3.22187748e-002	
5.94732528e+001	1.27792773e-002	
5.97121012e+001	-4.46830779e-003	
5.99509496e+001	-2.16987970e-002	
6.01897980e+001	-4.18761419e-002	
6.04286464e+001	-6.70073741e-002	
6.06674948e+001	-1.01981623e-001	
6.09063432e+001	-1.43797573e-001	
6.11451916e+001	-1.87027782e-001	
6.13840401e+001	-2.11824698e-001	
6.16228885e+001	-2.14260213e-001	
6.18617369e+001	-2.13823802e-001	
6.21005853e+001	-2.12472503e-001	
6.23394337e+001	-2.10864923e-001	
6.25782821e+001	-2.09290710e-001	
6.28171305e+001	-2.07871424e-001	
6.30559789e+001	-2.06833291e-001	
6.32948273e+001	-2.06890667e-001	
6.35336757e+001	-2.02647608e-001	
6.37725241e+001	-1.89467318e-001	
6.40113725e+001	-1.73696488e-001	
6.42502209e+001	-1.62342264e-001	
6.44890693e+001	-1.61227388e-001	
6.47279177e+001	-1.63712018e-001	
6.49667661e+001	-1.66075149e-001	
6.52056145e+001	-1.68939513e-001	
6.54444629e+001	-1.72734574e-001	
6.56833113e+001	-1.77399314e-001	
6.59221597e+001	-1.79298443e-001	
6.61610081e+001	-1.77410663e-001	
6.63998566e+001	-1.74739794e-001	
6.66387050e+001	-1.71933380e-001	
6.68775534e+001	-1.68893509e-001	
6.71164018e+001	-1.65853638e-001	
6.73552502e+001	-1.62916619e-001	
6.75940986e+001	-1.58887943e-001	
6.78329470e+001	-1.52841253e-001	
6.80717954e+001	-1.43872505e-001	
6.83106438e+001	-1.28951197e-001	
6.85494922e+001	-1.11666480e-001	
6.87883406e+001	-9.85610479e-002	
6.90271890e+001	-9.35390239e-002	
6.92660374e+001	-9.48776780e-002	
6.95048858e+001	-1.01181445e-001	
6.97437342e+001	-1.14218277e-001	
6.99825826e+001	-1.34266461e-001	
7.02214310e+001	-1.70279078e-001	
7.04602794e+001	-2.19397040e-001	
7.06991278e+001	-2.94851707e-001	
7.09379762e+001	-3.69110746e-001	
7.11768247e+001	-4.24608881e-001	
7.14156731e+001	-4.48390584e-001	
7.16545215e+001	-4.59226983e-001	
7.18933699e+001	-4.62077395e-001	
7.21322183e+001	-4.61906529e-001	
7.23710667e+001	-4.61223089e-001	
7.26099151e+001	-4.60396937e-001	
7.28487635e+001	-4.59474527e-001	
7.30876119e+001	-4.58481476e-001	
7.33264603e+001	-4.57441365e-001	
7.35653087e+001	-4.56361533e-001	
7.38041571e+001	-4.55277665e-001	
7.40430055e+001	-4.55039171e-001	
7.42818539e+001	-4.56766234e-001	
7.45207023e+001	-4.61266862e-001	
7.47595507e+001	-4.65767490e-001	
7.49983991e+001	-4.75542397e-001	
7.52372475e+001	-4.85609213e-001	
7.54760959e+001	-4.90653723e-001	
7.57149443e+001	-4.86231859e-001	
7.59537927e+001	-4.76675558e-001	
7.61926412e+001	-4.69830543e-001	
7.64314896e+001	-4.61411247e-001	
7.66703380e+001	-4.52162853e-001	
7.69091864e+001	-4.43661277e-001	
7.71480348e+001	-4.37766781e-001	
7.73868832e+001	-4.31435715e-001	
7.76257316e+001	-4.21417804e-001	
7.78645800e+001	-4.07872948e-001	
7.81034284e+001	-3.70674621e-001	
7.83422768e+001	-3.16205636e-001	
7.85811252e+001	-2.59751212e-001	
7.88199736e+001	-2.17574938e-001	
7.90588220e+001	-1.93883848e-001	
7.92976704e+001	-1.84178314e-001	
7.95365188e+001	-1.87467927e-001	
7.97753672e+001	-2.05700466e-001	
8.00142156e+001	-2.39938585e-001	
8.02530640e+001	-2.78904927e-001	
8.04919124e+001	-3.42427474e-001	
8.07307608e+001	-4.29322859e-001	
8.09696092e+001	-5.24324826e-001	
8.12084577e+001	-5.88437688e-001	
8.14473061e+001	-6.13564652e-001	
8.16861545e+001	-6.25983583e-001	
8.19250029e+001	-6.31281808e-001	
8.21638513e+001	-6.33856069e-001	
8.24026997e+001	-6.35692324e-001	
8.26415481e+001	-6.37434442e-001	
8.28803965e+001	-6.39214514e-001	
8.31192449e+001	-6.40992037e-001	
8.33580933e+001	-6.42660863e-001	
8.35969417e+001	-6.44323273e-001	
8.38357901e+001	-6.46331667e-001	
8.40746385e+001	-6.49707743e-001	
8.43134869e+001	-6.56873610e-001	
8.45523353e+001	-6.68447364e-001	
8.47911837e+001	-6.78876800e-001	
8.50300321e+001	-6.75452421e-001	
8.52688805e+001	-6.67158264e-001	
8.55077289e+001	-6.59281602e-001	
8.57465773e+001	-6.53877287e-001	
8.59854258e+001	-6.48892583e-001	
8.62242742e+001	-6.44091572e-001	
8.64631226e+001	-6.39253495e-001	
8.67019710e+001	-6.34436207e-001	
8.69408194e+001	-6.29585321e-001	
8.71796678e+001	-6.24409534e-001	
8.74185162e+001	-6.16676548e-001	
8.76573646e+001	-6.00159687e-001	
8.78962130e+001	-5.65782617e-001	
8.81350614e+001	-5.09236275e-001	
8.83739098e+001	-4.21026790e-001	
8.86127582e+001	-3.41095550e-001	
8.88516066e+001	-2.84680317e-001	
8.90904550e+001	-2.46991759e-001	
8.93293034e+001	-2.36514248e-001	
8.95681518e+001	-2.32510810e-001	
8.98070002e+001	-2.36858550e-001	
9.00458486e+001	-2.63350543e-001	
9.02846970e+001	-3.08349203e-001	
9.05235454e+001	-3.75010615e-001	
9.07623938e+001	-4.58255016e-001	
9.10012423e+001	-5.44452187e-001	
9.12400907e+001	-5.89080554e-001	
9.14789391e+001	-6.09060225e-001	
9.17177875e+001	-6.20906577e-001	
9.19566359e+001	-6.27724727e-001	
9.21954843e+001	-6.33092302e-001	
9.24343327e+001	-6.38059696e-001	
9.26731811e+001	-6.42900948e-001	
9.29120295e+001	-6.47730888e-001	
9.31508779e+001	-6.52820382e-001	
9.33897263e+001	-6.58281643e-001	
9.36285747e+001	-6.63742904e-001	
9.38674231e+001	-6.66588208e-001	
9.41062715e+001	-6.69271411e-001	
9.43451199e+001	-6.67916329e-001	
9.45839683e+001	-6.63675959e-001	
9.48228167e+001	-6.59424658e-001	
9.50616651e+001	-6.54098902e-001	
9.53005135e+001	-6.48773146e-001	
9.55393619e+001	-6.45339564e-001	
9.57782104e+001	-6.43490035e-001	
9.60170588e+001	-6.41648131e-001	
9.62559072e+001	-6.39895644e-001	
9.64947556e+001	-6.38111473e-001	
9.67336040e+001	-6.36109290e-001	
9.69724524e+001	-6.33681652e-001	
9.72113008e+001	-6.30344491e-001	
9.74501492e+001	-6.24489183e-001	
9.76889976e+001	-6.07687819e-001	
9.79278460e+001	-5.71455688e-001	
9.81666944e+001	-4.96053088e-001	
9.84055428e+001	-4.01633604e-001	
9.86443912e+001	-3.12765334e-001	
9.88832396e+001	-2.60406792e-001	
9.91220880e+001	-2.19078689e-001	
9.93609364e+001	-1.93198650e-001	
9.95997848e+001	-1.84138072e-001	
9.98386332e+001	-1.86413946e-001	
1.00077482e+002	-2.02760617e-001	
1.00316330e+002	-2.37306458e-001	
1.00555178e+002	-2.82922405e-001	
1.00794027e+002	-3.39758172e-001	
1.01032875e+002	-3.87143954e-001	
1.01271724e+002	-4.11269416e-001	
1.01510572e+002	-4.25180063e-001	
1.01749420e+002	-4.33613690e-001	
1.01988269e+002	-4.39850153e-001	
1.02227117e+002	-4.46663328e-001	
1.02465966e+002	-4.55896859e-001	
1.02704814e+002	-4.64980105e-001	
1.02943662e+002	-4.72111066e-001	
1.03182511e+002	-4.80098020e-001	
1.03421359e+002	-4.88299714e-001	
1.03660208e+002	-4.91559487e-001	
1.03899056e+002	-4.81832451e-001	
1.04137905e+002	-4.70159453e-001	
1.04376753e+002	-4.61172596e-001	
1.04615601e+002	-4.56156486e-001	
1.04854450e+002	-4.54320812e-001	
1.05093298e+002	-4.54507753e-001	
1.05332147e+002	-4.55359395e-001	
1.05570995e+002	-4.56393537e-001	
1.05809843e+002	-4.57471512e-001	
1.06048692e+002	-4.58529516e-001	
1.06287540e+002	-4.59482953e-001	
1.06526389e+002	-4.60436390e-001	
1.06765237e+002	-4.61225919e-001	
1.07004085e+002	-4.61646014e-001	
1.07242934e+002	-4.61090737e-001	
1.07481782e+002	-4.58416470e-001	
1.07720631e+002	-4.44058411e-001	
1.07959479e+002	-4.00377305e-001	
1.08198327e+002	-3.39603166e-001	
1.08437176e+002	-2.61390314e-001	
1.08676024e+002	-1.94938140e-001	
1.08914873e+002	-1.51135048e-001	
1.09153721e+002	-1.25350105e-001	
1.09392569e+002	-1.09627357e-001	
1.09631418e+002	-9.78944869e-002	
1.09870266e+002	-9.36829152e-002	
1.10109115e+002	-9.52281967e-002	
1.10347963e+002	-1.03377867e-001	
1.10586811e+002	-1.17616439e-001	
1.10825660e+002	-1.34856152e-001	
1.11064508e+002	-1.50066470e-001	
1.11303357e+002	-1.57412321e-001	
1.11542205e+002	-1.61296554e-001	
1.11781053e+002	-1.64473943e-001	
1.12019902e+002	-1.67449621e-001	
1.12258750e+002	-1.70486962e-001	
1.12497599e+002	-1.73647565e-001	
1.12736447e+002	-1.77905746e-001	
1.12975296e+002	-1.80640622e-001	
1.13214144e+002	-1.79807157e-001	
1.13452992e+002	-1.76161902e-001	
1.13691841e+002	-1.71533030e-001	
1.13930689e+002	-1.68266691e-001	
1.14169538e+002	-1.65869813e-001	
1.14408386e+002	-1.63438641e-001	
1.14647234e+002	-1.61178407e-001	
1.14886083e+002	-1.61527491e-001	
1.15124931e+002	-1.79567423e-001	
1.15363780e+002	-1.97170855e-001	
1.15602628e+002	-2.05226358e-001	
1.15841476e+002	-2.07468840e-001	
1.16080325e+002	-2.07794688e-001	
1.16319173e+002	-2.09150545e-001	
1.16558022e+002	-2.10735107e-001	
1.16796870e+002	-2.12272810e-001	
1.17035718e+002	-2.13680571e-001	
1.17274567e+002	-2.14526851e-001	
1.17513415e+002	-2.13592467e-001	
1.17752264e+002	-2.03739870e-001	
1.17991112e+002	-1.73092283e-001	
1.18229960e+002	-1.25351563e-001	
1.18468809e+002	-8.72416391e-002	
1.18707657e+002	-5.74260984e-002	
1.18946506e+002	-3.35237912e-002	
1.19185354e+002	-1.49705161e-002	
1.19424202e+002	2.65656703e-003	
1.19663051e+002	1.97835925e-002	
1.19901899e+002	3.97708423e-002	
1.20140748e+002	6.49304078e-002	
1.20379596e+002	9.60371834e-002	
1.20618444e+002	1.30510119e-001	
1.20857293e+002	1.57814531e-001	
1.21096141e+002	1.77164557e-001	
1.21334990e+002	1.88304998e-001	
1.21573838e+002	1.94606153e-001	
1.21812686e+002	1.99286187e-001	
1.22051535e+002	2.02235515e-001	
1.22290383e+002	2.04211778e-001	
1.22529232e+002	2.05764505e-001	
1.22768080e+002	2.03439879e-001	
1.23006929e+002	2.01115254e-001	
1.23245777e+002	1.97750980e-001	
1.23484625e+002	1.93833887e-001	
1.23723474e+002	1.90139264e-001	
1.23962322e+002	1.87411388e-001	
1.24201171e+002	1.84683511e-001	
1.24440019e+002	1.83188526e-001	
1.24678867e+002	1.82981317e-001	
1.24917716e+002	1.83751227e-001	
1.25156564e+002	1.84894415e-001	
1.25395413e+002	1.86151555e-001	
1.25634261e+002	1.87451713e-001	
1.25873109e+002	1.88756040e-001	
1.26111958e+002	1.90028696e-001	
1.26350806e+002	1.91269815e-001	
1.26589655e+002	1.92735018e-001	
1.26828503e+002	1.95255348e-001	
1.27067351e+002	1.97028487e-001	
1.27306200e+002	1.95385387e-001	
1.27545048e+002	1.87294322e-001	
1.27783897e+002	1.62123812e-001	
1.28022745e+002	1.22866323e-001	
1.28261593e+002	9.98068332e-002	
1.28500442e+002	9.23034539e-002	
1.28739290e+002	8.95452098e-002	
1.28978139e+002	9.18984112e-002	
1.29216987e+002	9.94212873e-002	
1.29455835e+002	1.14387907e-001	
1.29694684e+002	1.33594222e-001	
1.29933532e+002	1.64800025e-001	
1.30172381e+002	2.10990187e-001	
1.30411229e+002	2.81452017e-001	
1.30650077e+002	3.52340493e-001	
1.30888926e+002	4.09653620e-001	
1.31127774e+002	4.42393334e-001	
1.31366623e+002	4.62900177e-001	
1.31605471e+002	4.79143749e-001	
1.31844319e+002	4.90618703e-001	
1.32083168e+002	4.91346777e-001	
1.32322016e+002	4.83999708e-001	
1.32560865e+002	4.74036037e-001	
1.32799713e+002	4.67009362e-001	
1.33038562e+002	4.59982687e-001	
1.33277410e+002	4.53980298e-001	
1.33516258e+002	4.48347843e-001	
1.33755107e+002	4.43506715e-001	
1.33993955e+002	4.40817230e-001	
1.34232804e+002	4.38127745e-001	
1.34471652e+002	4.39461331e-001	
1.34710500e+002	4.41781189e-001	
1.34949349e+002	4.45119517e-001	
1.35188197e+002	4.50458492e-001	
1.35427046e+002	4.55797467e-001	
1.35665894e+002	4.62524674e-001	
1.35904742e+002	4.69456458e-001	
1.36143591e+002	4.75764856e-001	
1.36382439e+002	4.81160389e-001	
1.36621288e+002	4.86555922e-001	
1.36860136e+002	4.79242872e-001	
1.37098984e+002	4.64388926e-001	
1.37337833e+002	4.44417429e-001	
1.37576681e+002	4.16458338e-001	
1.37815530e+002	3.71216916e-001	
1.38054378e+002	3.15255481e-001	
1.38293226e+002	2.59587971e-001	
1.38532075e+002	2.13873446e-001	
1.38770923e+002	1.92563394e-001	
1.39009772e+002	1.83935619e-001	
1.39248620e+002	1.87555523e-001	
1.39487468e+002	2.03944162e-001	
1.39726317e+002	2.34236009e-001	
1.39965165e+002	2.81263315e-001	
1.40204014e+002	3.46309761e-001	
1.40442862e+002	4.38544693e-001	
1.40681710e+002	5.32019853e-001	
1.40920559e+002	6.10826408e-001	
1.41159407e+002	6.62509584e-001	
1.41398256e+002	6.80835605e-001	
1.41637104e+002	6.70839558e-001	
1.41875952e+002	6.60729551e-001	
1.42114801e+002	6.53249230e-001	
1.42353649e+002	6.46655465e-001	
1.42592498e+002	6.40137520e-001	
1.42831346e+002	6.33812376e-001	
1.43070195e+002	6.27487232e-001	
1.43309043e+002	6.23558243e-001	
1.43547891e+002	6.20167857e-001	
1.43786740e+002	6.19129432e-001	
1.44025588e+002	6.22445570e-001	
1.44264437e+002	6.25761708e-001	
1.44503285e+002	6.29077847e-001	
1.44742133e+002	6.32393985e-001	
1.44980982e+002	6.38782397e-001	
1.45219830e+002	6.49428299e-001	
1.45458679e+002	6.60074201e-001	
1.45697527e+002	6.71793318e-001	
1.45936375e+002	6.83564923e-001	
1.46175224e+002	6.86526067e-001	
1.46414072e+002	6.76919041e-001	
1.46652921e+002	6.57680947e-001	
1.46891769e+002	6.42419930e-001	
1.47130617e+002	6.26626855e-001	
1.47369466e+002	6.05419522e-001	
1.47608314e+002	5.61073338e-001	
1.47847163e+002	4.89439703e-001	
1.48086011e+002	3.97843425e-001	
1.48324859e+002	3.18362209e-001	
1.48563708e+002	2.65211464e-001	
1.48802556e+002	2.34533077e-001	
1.49041405e+002	2.19377793e-001	
1.49280253e+002	2.18305363e-001	
1.49519101e+002	2.31644137e-001	
1.49757950e+002	2.55492503e-001	
1.49996798e+002	3.04851498e-001	
1.50235647e+002	3.86031856e-001	
1.50474495e+002	4.93980220e-001	
1.50713343e+002	6.00831697e-001	
1.50952192e+002	6.37662896e-001	
1.51191040e+002	6.46987459e-001	
1.51429889e+002	6.45920466e-001	
1.51668737e+002	6.43094900e-001	
1.51907585e+002	6.39887667e-001	
1.52146434e+002	6.36482793e-001	
1.52385282e+002	6.33048756e-001	
1.52624131e+002	6.29655615e-001	
1.52862979e+002	6.26343612e-001	
1.53101828e+002	6.23184622e-001	
1.53340676e+002	6.20293841e-001	
1.53579524e+002	6.18054782e-001	
1.53818373e+002	6.17109558e-001	
1.54057221e+002	6.18053057e-001	
1.54296070e+002	6.23116170e-001	
1.54534918e+002	6.33462588e-001	
1.54773766e+002	6.46971428e-001	
1.55012615e+002	6.64407788e-001	
1.55251463e+002	6.82697317e-001	
1.55490312e+002	6.94928584e-001	
1.55729160e+002	6.86714466e-001	
1.55968008e+002	6.73094822e-001	
1.56206857e+002	6.60972391e-001	
1.56445705e+002	6.51115847e-001	
1.56684554e+002	6.41333125e-001	
1.56923402e+002	6.30033288e-001	
1.57162250e+002	6.15944041e-001	
1.57401099e+002	5.94038282e-001	
1.57639947e+002	5.33883759e-001	
1.57878796e+002	4.50609267e-001	
1.58117644e+002	3.67202502e-001	
1.58356492e+002	2.94473914e-001	
1.58595341e+002	2.43454454e-001	
1.58834189e+002	2.10742055e-001	
1.59073038e+002	1.92041128e-001	
1.59311886e+002	1.84296915e-001	
1.59550734e+002	1.90595402e-001	
1.59789583e+002	2.08607223e-001	
1.60028431e+002	2.56851188e-001	
1.60267280e+002	3.18046167e-001	
1.60506128e+002	3.74269717e-001	
1.60744976e+002	4.15065391e-001	
1.60983825e+002	4.30082968e-001	
1.61222673e+002	4.36758268e-001	
1.61461522e+002	4.38802895e-001	
1.61700370e+002	4.38898131e-001	
1.61939218e+002	4.38545850e-001	
1.62178067e+002	4.38121142e-001	
1.62416915e+002	4.37645605e-001	
1.62655764e+002	4.37119886e-001	
1.62894612e+002	4.36559888e-001	
1.63133461e+002	4.36008453e-001	
1.63372309e+002	4.35610398e-001	
1.63611157e+002	4.35880040e-001	
1.63850006e+002	4.37777329e-001	
1.64088854e+002	4.41948317e-001	
1.64327703e+002	4.48788956e-001	
1.64566551e+002	4.60463261e-001	
1.64805399e+002	4.71074194e-001	
1.65044248e+002	4.74173090e-001	
1.65283096e+002	4.69511650e-001	
1.65521945e+002	4.61275325e-001	
1.65760793e+002	4.55228801e-001	
1.65999641e+002	4.50279592e-001	
1.66238490e+002	4.50863187e-001	
1.66477338e+002	4.55790981e-001	
1.66716187e+002	4.60983796e-001	
1.66955035e+002	4.58435816e-001	
1.67193883e+002	4.47304622e-001	
1.67432732e+002	4.25248625e-001	
1.67671580e+002	3.77885431e-001	
1.67910429e+002	3.09671234e-001	
1.68149277e+002	2.38494770e-001	
1.68388125e+002	1.87819874e-001	
1.68626974e+002	1.51527200e-001	
1.68865822e+002	1.28234801e-001	
1.69104671e+002	1.13198088e-001	
1.69343519e+002	1.06049935e-001	
1.69582367e+002	1.04871276e-001	
1.69821216e+002	1.07617630e-001	
1.70060064e+002	1.15957214e-001	
1.70298913e+002	1.33681415e-001	
1.70537761e+002	1.52060875e-001	
1.70776609e+002	1.64297770e-001	
1.71015458e+002	1.68972975e-001	
1.71254306e+002	1.71375639e-001	
1.71493155e+002	1.72655634e-001	
1.71732003e+002	1.73607595e-001	
1.71970852e+002	1.74559555e-001	
1.72209700e+002	1.75238905e-001	
1.72448548e+002	1.75916460e-001	
1.72687397e+002	1.76602720e-001	
1.72926245e+002	1.77296775e-001	
1.73165094e+002	1.78055819e-001	
1.73403942e+002	1.79799639e-001	
1.73642790e+002	1.81543458e-001	
1.73881639e+002	1.83095568e-001	
1.74120487e+002	1.84517811e-001	
1.74359336e+002	1.85872269e-001	
1.74598184e+002	1.85381730e-001	
1.74837032e+002	1.84891190e-001	
1.75075881e+002	1.83895237e-001	
1.75314729e+002	1.82644194e-001	
1.75553578e+002	1.81431528e-001	
1.75792426e+002	1.80373520e-001	
1.76031274e+002	1.79315512e-001	
1.76270123e+002	1.78162813e-001	
1.76508971e+002	1.76975627e-001	
1.76747820e+002	1.75637112e-001	
1.76986668e+002	1.73739947e-001	
1.77225516e+002	1.67803384e-001	
1.77464365e+002	1.53820138e-001	
1.77703213e+002	1.31312209e-001	
1.77942062e+002	9.76624345e-002	
1.78180910e+002	6.33908319e-002	
1.78419758e+002	3.50087936e-002	
1.78658607e+002	1.26482721e-002	
1.78897455e+002	7.94151306e-004	
1.79136304e+002	-1.66954421e-003	
1.79375152e+002	-8.85996155e-003	
1.79614000e+002	-3.28555117e-002	
1.79852849e+002	-6.14031401e-002	
1.80091697e+002	-9.49855370e-002	
1.80330546e+002	-1.29558208e-001	
1.80569394e+002	-1.55573151e-001	
1.80808242e+002	-1.67187883e-001	
1.81047091e+002	-1.73474770e-001	
1.81285939e+002	-1.76316600e-001	
1.81524788e+002	-1.77557271e-001	
1.81763636e+002	-1.78434455e-001	
1.82002485e+002	-1.79296210e-001	
1.82241333e+002	-1.80141569e-001	
1.82480181e+002	-1.80971065e-001	
1.82719030e+002	-1.81800561e-001	
1.82957878e+002	-1.82861032e-001	
1.83196727e+002	-1.83982325e-001	
1.83435575e+002	-1.85249748e-001	
1.83674423e+002	-1.87142379e-001	
1.83913272e+002	-1.89035010e-001	
1.84152120e+002	-1.89235442e-001	
1.84390969e+002	-1.87354254e-001	
1.84629817e+002	-1.83832696e-001	
1.84868665e+002	-1.82138098e-001	
1.85107514e+002	-1.80744169e-001	
1.85346362e+002	-1.79473202e-001	
1.85585211e+002	-1.78195319e-001	
1.85824059e+002	-1.76897609e-001	
1.86062907e+002	-1.75642101e-001	
1.86301756e+002	-1.74371595e-001	
1.86540604e+002	-1.73003948e-001	
1.86779453e+002	-1.71323994e-001	
1.87018301e+002	-1.68185114e-001	
1.87257149e+002	-1.61691389e-001	
1.87495998e+002	-1.51258232e-001	
1.87734846e+002	-1.34223916e-001	
1.87973695e+002	-1.15951938e-001	
1.88212543e+002	-1.03947046e-001	
1.88451391e+002	-1.00950229e-001	
1.88690240e+002	-1.04754643e-001	
1.88929088e+002	-1.17553024e-001	
1.89167937e+002	-1.32037859e-001	
1.89406785e+002	-1.56369718e-001	
1.89645633e+002	-1.91604566e-001	
1.89884482e+002	-2.43005983e-001	
1.90123330e+002	-3.08132096e-001	
1.90362179e+002	-3.77851420e-001	
1.90601027e+002	-4.18114784e-001	
1.90839875e+002	-4.45961581e-001	
1.91078724e+002	-4.55992255e-001	
1.91317572e+002	-4.57882652e-001	
1.91556421e+002	-4.52140278e-001	
1.91795269e+002	-4.39993061e-001	
1.92034118e+002	-4.37665233e-001	
1.92272966e+002	-4.42425401e-001	
1.92511814e+002	-4.45605996e-001	
1.92750663e+002	-4.48153168e-001	
1.92989511e+002	-4.51033632e-001	
1.93228360e+002	-4.54906021e-001	
1.93467208e+002	-4.57921472e-001	
1.93706056e+002	-4.60120069e-001	
1.93944905e+002	-4.62318667e-001	
1.94183753e+002	-4.60325279e-001	
1.94422602e+002	-4.58113123e-001	
1.94661450e+002	-4.55322981e-001	
1.94900298e+002	-4.51467426e-001	
1.95139147e+002	-4.47611870e-001	
1.95377995e+002	-4.44584165e-001	
1.95616844e+002	-4.41832979e-001	
1.95855692e+002	-4.39109967e-001	
1.96094540e+002	-4.36549794e-001	
1.96333389e+002	-4.33817864e-001	
1.96572237e+002	-4.30518941e-001	
1.96811086e+002	-4.26261237e-001	
1.97049934e+002	-4.18697739e-001	
1.97288782e+002	-3.99030864e-001	
1.97527631e+002	-3.60545919e-001	
1.97766479e+002	-3.03124145e-001	
1.98005328e+002	-2.49722392e-001	
1.98244176e+002	-2.17516255e-001	
1.98483024e+002	-2.00104094e-001	
1.98721873e+002	-1.95282542e-001	
1.98960721e+002	-2.01919362e-001	
1.99199570e+002	-2.17251716e-001	
1.99438418e+002	-2.47231516e-001	
1.99677266e+002	-2.96969309e-001	
1.99916115e+002	-3.66368182e-001	
2.00154963e+002	-4.57060584e-001	
2.00393812e+002	-5.36235872e-001	
2.00632660e+002	-5.79687461e-001	
2.00871508e+002	-6.06222197e-001	
2.01110357e+002	-6.18353878e-001	
2.01349205e+002	-6.23120915e-001	
2.01588054e+002	-6.26758113e-001	
2.01826902e+002	-6.30255515e-001	
2.02065751e+002	-6.33625123e-001	
2.02304599e+002	-6.37053536e-001	
2.02543447e+002	-6.40341884e-001	
2.02782296e+002	-6.43741889e-001	
2.03021144e+002	-6.47269998e-001	
2.03259993e+002	-6.50798107e-001	
2.03498841e+002	-6.60226489e-001	
2.03737689e+002	-6.68274715e-001	
2.03976538e+002	-6.70723311e-001	
2.04215386e+002	-6.63065315e-001	
2.04454235e+002	-6.52671464e-001	
2.04693083e+002	-6.45952360e-001	
2.04931931e+002	-6.41053125e-001	
2.05170780e+002	-6.36998043e-001	
2.05409628e+002	-6.33226963e-001	
2.05648477e+002	-6.29357073e-001	
2.05887325e+002	-6.25675509e-001	
2.06126173e+002	-6.22182590e-001	
2.06365022e+002	-6.18650189e-001	
2.06603870e+002	-6.13340953e-001	
2.06842719e+002	-6.05055735e-001	
2.07081567e+002	-5.91248134e-001	
2.07320415e+002	-5.54561299e-001	
2.07559264e+002	-4.81715622e-001	
2.07798112e+002	-3.94011651e-001	
2.08036961e+002	-3.15525009e-001	
2.08275809e+002	-2.70197484e-001	
2.08514657e+002	-2.43301375e-001	
2.08753506e+002	-2.33471505e-001	
2.08992354e+002	-2.34368110e-001	
2.09231203e+002	-2.43331427e-001	
2.09470051e+002	-2.72403323e-001	
2.09708899e+002	-3.29174279e-001	
2.09947748e+002	-3.97788178e-001	
2.10186596e+002	-4.79747459e-001	
2.10425445e+002	-5.59778332e-001	
2.10664293e+002	-5.96657816e-001	
2.10903141e+002	-6.11098947e-001	
2.11141990e+002	-6.17413716e-001	
2.11380838e+002	-6.21939814e-001	
2.11619687e+002	-6.25885598e-001	
2.11858535e+002	-6.29566908e-001	
2.12097384e+002	-6.33229377e-001	
2.12336232e+002	-6.36937178e-001	
2.12575080e+002	-6.40620370e-001	
2.12813929e+002	-6.44290786e-001	
2.13052777e+002	-6.48666494e-001	
2.13291626e+002	-6.54989042e-001	
2.13530474e+002	-6.64895834e-001	
2.13769322e+002	-6.71537243e-001	
2.14008171e+002	-6.69147914e-001	
2.14247019e+002	-6.61232476e-001	
2.14485868e+002	-6.51452214e-001	
2.14724716e+002	-6.46425706e-001	
2.14963564e+002	-6.42318786e-001	
2.15202413e+002	-6.38473089e-001	
2.15441261e+002	-6.34633687e-001	
2.15680110e+002	-6.30787980e-001	
2.15918958e+002	-6.27203352e-001	
2.16157806e+002	-6.23421200e-001	
2.16396655e+002	-6.19040175e-001	
2.16635503e+002	-6.13544781e-001	
2.16874352e+002	-6.02265106e-001	
2.17113200e+002	-5.82663332e-001	
2.17352048e+002	-5.26075449e-001	
2.17590897e+002	-4.48175930e-001	
2.17829745e+002	-3.65427453e-001	
2.18068594e+002	-2.95824860e-001	
2.18307442e+002	-2.46179057e-001	
2.18546290e+002	-2.17452615e-001	
2.18785139e+002	-2.02848236e-001	
2.19023987e+002	-1.96104087e-001	
2.19262836e+002	-1.95953178e-001	
2.19501684e+002	-2.19510741e-001	
2.19740532e+002	-2.59009607e-001	
2.19979381e+002	-3.14235669e-001	
2.20218229e+002	-3.69764414e-001	
2.20457078e+002	-4.08620758e-001	
2.20695926e+002	-4.27229644e-001	
2.20934775e+002	-4.34280657e-001	
2.21173623e+002	-4.38998707e-001	
2.21412471e+002	-4.42679245e-001	
2.21651320e+002	-4.45979469e-001	
2.21890168e+002	-4.49188962e-001	
2.22129017e+002	-4.52066815e-001	
2.22367865e+002	-4.54890414e-001	
2.22606713e+002	-4.57884442e-001	
2.22845562e+002	-4.61370417e-001	
2.23084410e+002	-4.64856393e-001	
2.23323259e+002	-4.69587741e-001	
2.23562107e+002	-4.74974492e-001	
2.23800955e+002	-4.80229156e-001	
2.24039804e+002	-4.77818627e-001	
2.24278652e+002	-4.71053452e-001	
2.24517501e+002	-4.64949076e-001	
2.24756349e+002	-4.61548571e-001	
2.24995197e+002	-4.59010132e-001	
2.25234046e+002	-4.56398560e-001	
2.25472894e+002	-4.53770324e-001	
2.25711743e+002	-4.51143395e-001	
2.25950591e+002	-4.48529637e-001	
2.26189439e+002	-4.46036813e-001	
2.26428288e+002	-4.42758567e-001	
2.26667136e+002	-4.37469426e-001	
2.26905985e+002	-4.28827777e-001	
2.27144833e+002	-4.07255519e-001	
2.27383681e+002	-3.60338555e-001	
2.27622530e+002	-2.92444489e-001	
2.27861378e+002	-2.27399630e-001	
2.28100227e+002	-1.76674130e-001	
2.28339075e+002	-1.43631342e-001	
2.28577923e+002	-1.24831462e-001	
2.28816772e+002	-1.08684454e-001	
2.29055620e+002	-9.67704746e-002	
2.29294469e+002	-9.18629818e-002	
2.29533317e+002	-9.51277905e-002	
2.29772165e+002	-1.01917596e-001	
2.30011014e+002	-1.15953874e-001	
2.30249862e+002	-1.50504537e-001	
2.30488711e+002	-1.77840069e-001	
2.30727559e+002	-1.81958850e-001	
2.30966408e+002	-1.82602092e-001	
2.31205256e+002	-1.83707668e-001	
2.31444104e+002	-1.85253862e-001	
2.31682953e+002	-1.86890890e-001	
2.31921801e+002	-1.88535384e-001	
2.32160650e+002	-1.90207720e-001	
2.32399498e+002	-1.91823942e-001	
2.32638346e+002	-1.93350189e-001	
2.32877195e+002	-1.94982101e-001	
2.33116043e+002	-1.96987597e-001	
2.33354892e+002	-2.00966439e-001	
2.33593740e+002	-2.03127265e-001	
2.33832588e+002	-2.03031730e-001	
2.34071437e+002	-2.01209720e-001	
2.34310285e+002	-1.99387711e-001	
2.34549134e+002	-1.98106775e-001	
2.34787982e+002	-1.96946648e-001	
2.35026830e+002	-1.95836799e-001	
2.35265679e+002	-1.94910128e-001	
2.35504527e+002	-1.93983457e-001	
2.35743376e+002	-1.93104761e-001	
2.35982224e+002	-1.92223869e-001	
2.36221072e+002	-1.91265420e-001	
2.36459921e+002	-1.89770077e-001	
2.36698769e+002	-1.86554182e-001	
2.36937618e+002	-1.81295878e-001	
2.37176466e+002	-1.68012926e-001	
2.37415314e+002	-1.38561241e-001	
2.37654163e+002	-1.02726410e-001	
2.37893011e+002	-7.01599238e-002	
2.38131860e+002	-4.58994431e-002	
2.38370708e+002	-2.42955410e-002	
2.38609556e+002	-4.96123055e-003	
2.38848405e+002	1.38799909e-002	
2.39087253e+002	3.27840271e-002	
2.39326102e+002	5.54463611e-002	
2.39564950e+002	8.47358190e-002	
2.39803798e+002	1.19354593e-001	
2.40042647e+002	1.55344196e-001	
2.40281495e+002	1.81261014e-001	
2.40520344e+002	1.93436443e-001	
2.40759192e+002	1.97574997e-001	
2.40998041e+002	1.99785988e-001	
2.41236889e+002	2.00920622e-001	
2.41475737e+002	2.01793898e-001	
2.41714586e+002	2.02545118e-001	
2.41953434e+002	2.03630459e-001	
2.42192283e+002	2.04955856e-001	
2.42431131e+002	2.06281253e-001	
2.42669979e+002	1.98352471e-001	
2.42908828e+002	1.85522515e-001	
2.43147676e+002	1.75097346e-001	
2.43386525e+002	1.72416816e-001	
2.43625373e+002	1.75317006e-001	
2.43864221e+002	1.74562914e-001	
2.44103070e+002	1.71992977e-001	
2.44341918e+002	1.69095985e-001	
2.44580767e+002	1.67527737e-001	
2.44819615e+002	1.66206889e-001	
2.45058463e+002	1.64894156e-001	
2.45297312e+002	1.63581665e-001	
2.45536160e+002	1.62315309e-001	
2.45775009e+002	1.61151300e-001	
2.46013857e+002	1.59963498e-001	
2.46252705e+002	1.58649530e-001	
2.46491554e+002	1.57036344e-001	
2.46730402e+002	1.54078211e-001	
2.46969251e+002	1.47841867e-001	
2.47208099e+002	1.37512748e-001	
2.47446947e+002	1.20291719e-001	
2.47685796e+002	1.06059929e-001	
2.47924644e+002	9.89098378e-002	
2.48163493e+002	9.79106929e-002	
2.48402341e+002	1.03306386e-001	
2.48641189e+002	1.15006852e-001	
2.48880038e+002	1.30644275e-001	
2.49118886e+002	1.51804954e-001	
2.49357735e+002	1.91367996e-001	
2.49596583e+002	2.43828112e-001	
2.49835431e+002	3.10286836e-001	
2.50074280e+002	3.69406965e-001	
2.50313128e+002	4.12511529e-001	
2.50551977e+002	4.36657022e-001	
2.50790825e+002	4.45079706e-001	
2.51029674e+002	4.49298288e-001	
2.51268522e+002	4.52288836e-001	
2.51507370e+002	4.54782959e-001	
2.51746219e+002	4.57099296e-001	
2.51985067e+002	4.59467281e-001	
2.52223916e+002	4.61770071e-001	
2.52462764e+002	4.64335022e-001	
2.52701612e+002	4.67436268e-001	
2.52940461e+002	4.70537515e-001	
2.53179309e+002	4.74596806e-001	
2.53418158e+002	4.78967811e-001	
2.53657006e+002	4.82337678e-001	
2.53895854e+002	4.79110242e-001	
2.54134703e+002	4.71093335e-001	
2.54373551e+002	4.64785583e-001	
2.54612400e+002	4.60824973e-001	
2.54851248e+002	4.57669615e-001	
2.55090096e+002	4.54569795e-001	
2.55328945e+002	4.51861001e-001	
2.55567793e+002	4.43409101e-001	
2.55806642e+002	4.34806283e-001	
2.56045490e+002	4.31487278e-001	
2.56284338e+002	4.27838471e-001	
2.56523187e+002	4.22024952e-001	
2.56762035e+002	4.11359199e-001	
2.57000884e+002	3.86951975e-001	
2.57239732e+002	3.46448675e-001	
2.57478580e+002	2.88952740e-001	
2.57717429e+002	2.43546043e-001	
2.57956277e+002	2.10230381e-001	
2.58195126e+002	1.94812083e-001	
2.58433974e+002	1.91792597e-001	
2.58672822e+002	2.01363061e-001	
2.58911671e+002	2.14420692e-001	
2.59150519e+002	2.46754001e-001	
2.59389368e+002	2.97654633e-001	
2.59628216e+002	3.75281510e-001	
2.59867064e+002	4.62465754e-001	
2.60105913e+002	5.40759186e-001	
2.60344761e+002	5.84725953e-001	
2.60583610e+002	6.08384710e-001	
2.60822458e+002	6.18734858e-001	
2.61061307e+002	6.24062156e-001	
2.61300155e+002	6.28173868e-001	
2.61539003e+002	6.31994412e-001	
2.61777852e+002	6.35743913e-001	
2.62016700e+002	6.39585830e-001	
2.62255549e+002	6.43317989e-001	
2.62494397e+002	6.48127587e-001	
2.62733245e+002	6.53349880e-001	
2.62972094e+002	6.58306280e-001	
2.63210942e+002	6.61330425e-001	
2.63449791e+002	6.64354570e-001	
2.63688639e+002	6.64085822e-001	
2.63927487e+002	6.60733983e-001	
2.64166336e+002	6.57382144e-001	
2.64405184e+002	6.51884245e-001	
2.64644033e+002	6.46191470e-001	
2.64882881e+002	6.40974562e-001	
2.65121729e+002	6.36794073e-001	
2.65360578e+002	6.32613585e-001	
2.65599426e+002	6.28574873e-001	
2.65838275e+002	6.24593349e-001	
2.66077123e+002	6.20455743e-001	
2.66315971e+002	6.15061235e-001	
2.66554820e+002	6.05313590e-001	
2.66793668e+002	5.88151978e-001	
2.67032517e+002	5.41192749e-001	
2.67271365e+002	4.65518795e-001	
2.67510213e+002	3.80470925e-001	
2.67749062e+002	3.15404926e-001	
2.67987910e+002	2.66393957e-001	
2.68226759e+002	2.37935855e-001	
2.68465607e+002	2.33901503e-001	
2.68704455e+002	2.34522624e-001	
2.68943304e+002	2.45313550e-001	
2.69182152e+002	2.77155170e-001	
2.69421001e+002	3.31901133e-001	
2.69659849e+002	4.12488583e-001	
2.69898697e+002	4.94683058e-001	
2.70137546e+002	5.67294786e-001	
2.70376394e+002	5.97605171e-001	
2.70615243e+002	6.09860371e-001	
2.70854091e+002	6.17945023e-001	
2.71092940e+002	6.23359470e-001	
2.71331788e+002	6.27855188e-001	
2.71570636e+002	6.31847045e-001	
2.71809485e+002	6.35838818e-001	
2.72048333e+002	6.39832215e-001	
2.72287182e+002	6.43979516e-001	
2.72526030e+002	6.49692787e-001	
2.72764878e+002	6.55406058e-001	
2.73003727e+002	6.59970883e-001	
2.73242575e+002	6.63327872e-001	
2.73481424e+002	6.66684862e-001	
2.73720272e+002	6.64388323e-001	
2.73959120e+002	6.61376044e-001	
2.74197969e+002	6.57705924e-001	
2.74436817e+002	6.52370677e-001	
2.74675666e+002	6.47035429e-001	
2.74914514e+002	6.42833877e-001	
2.75153362e+002	6.39163129e-001	
2.75392211e+002	6.35490223e-001	
2.75631059e+002	6.31792206e-001	
2.75869908e+002	6.27765442e-001	
2.76108756e+002	6.23338156e-001	
2.76347604e+002	6.17899956e-001	
2.76586453e+002	6.07067718e-001	
2.76825301e+002	5.79119283e-001	
2.77064150e+002	5.21940774e-001	
2.77302998e+002	4.32761729e-001	
2.77541846e+002	3.42916106e-001	
2.77780695e+002	2.76537074e-001	
2.78019543e+002	2.31109936e-001	
2.78258392e+002	2.08790510e-001	
2.78497240e+002	1.98258840e-001	
2.78736088e+002	1.92198339e-001	
2.78974937e+002	1.96102976e-001	
2.79213785e+002	2.18427112e-001	
2.79452634e+002	2.57541398e-001	
2.79691482e+002	3.13997098e-001	
2.79930331e+002	3.67881592e-001	
2.80169179e+002	4.03367867e-001	
2.80408027e+002	4.18689387e-001	
2.80646876e+002	4.25184370e-001	
2.80885724e+002	4.28890583e-001	
2.81124573e+002	4.32667822e-001	
2.81363421e+002	4.37707079e-001	
2.81602269e+002	4.47172922e-001	
2.81841118e+002	4.52506458e-001	
2.82079966e+002	4.55149809e-001	
2.82318815e+002	4.58509997e-001	
2.82557663e+002	4.62262138e-001	
2.82796511e+002	4.65899864e-001	
2.83035360e+002	4.73026054e-001	
2.83274208e+002	4.79849453e-001	
2.83513057e+002	4.82991380e-001	
2.83751905e+002	4.78054227e-001	
2.83990753e+002	4.71441720e-001	
2.84229602e+002	4.67484473e-001	
2.84468450e+002	4.65006155e-001	
2.84707299e+002	4.62540519e-001	
2.84946147e+002	4.60328945e-001	
2.85184995e+002	4.58117372e-001	
2.85423844e+002	4.55865044e-001	
2.85662692e+002	4.53514227e-001	
2.85901541e+002	4.50880396e-001	
2.86140389e+002	4.47579978e-001	
2.86379237e+002	4.43234604e-001	
2.86618086e+002	4.32106307e-001	
2.86856934e+002	4.07692949e-001	
2.87095783e+002	3.52412695e-001	
2.87334631e+002	2.82564956e-001	
2.87573479e+002	2.18905367e-001	
2.87812328e+002	1.71903450e-001	
2.88051176e+002	1.41995021e-001	
2.88290025e+002	1.23560198e-001	
2.88528873e+002	1.08740095e-001	
2.88767721e+002	9.87395684e-002	
2.89006570e+002	9.63227000e-002	
2.89245418e+002	1.00004265e-001	
2.89484267e+002	1.11006371e-001	
2.89723115e+002	1.28557511e-001	
2.89961964e+002	1.43915248e-001	
2.90200812e+002	1.52524399e-001	
2.90439660e+002	1.56111760e-001	
2.90678509e+002	1.58431329e-001	
2.90917357e+002	1.59894557e-001	
2.91156206e+002	1.61158111e-001	
2.91395054e+002	1.62391304e-001	
2.91633902e+002	1.63600918e-001	
2.91872751e+002	1.64805020e-001	
2.92111599e+002	1.66086445e-001	
2.92350448e+002	1.67414904e-001	
2.92589296e+002	1.68918774e-001	
2.92828144e+002	1.70898240e-001	
2.93066993e+002	1.74024189e-001	
2.93305841e+002	1.76134234e-001	
2.93544690e+002	1.74626065e-001	
2.93783538e+002	1.73508473e-001	
2.94022386e+002	1.77622881e-001	
2.94261235e+002	1.92590263e-001	
2.94500083e+002	2.02171136e-001	
2.94738932e+002	2.06070616e-001	
2.94977780e+002	2.04940157e-001	
2.95216628e+002	2.03602976e-001	
2.95455477e+002	2.02741127e-001	
2.95694325e+002	2.02018146e-001	
2.95933174e+002	2.01202492e-001	
2.96172022e+002	1.99934089e-001	
2.96410870e+002	1.96633671e-001	
2.96649719e+002	1.90899715e-001	
2.96888567e+002	1.72838775e-001	
2.97127416e+002	1.41234913e-001	
2.97366264e+002	1.04013046e-001	
2.97605112e+002	7.21093895e-002	
2.97843961e+002	4.62599689e-002	
2.98082809e+002	2.51531400e-002	
2.98321658e+002	6.34552612e-003	
2.98560506e+002	-1.26383998e-002	
2.98799354e+002	-3.16435855e-002	
2.99038203e+002	-5.44563752e-002	
2.99277051e+002	-8.31678398e-002	
2.99515900e+002	-1.16947355e-001	
2.99754748e+002	-1.47947276e-001	
2.99993597e+002	-1.73266735e-001	
3.00232445e+002	-1.84503674e-001	
3.00471293e+002	-1.87655367e-001	
3.00710142e+002	-1.89620813e-001	
3.00948990e+002	-1.90896264e-001	
3.01187839e+002	-1.91887953e-001	
3.01426687e+002	-1.92783998e-001	
3.01665535e+002	-1.93646332e-001	
3.01904384e+002	-1.94499754e-001	
3.02143232e+002	-1.95426654e-001	
3.02382081e+002	-1.96669269e-001	
3.02620929e+002	-1.97911885e-001	
3.02859777e+002	-1.99427676e-001	
3.03098626e+002	-2.01135915e-001	
3.03337474e+002	-2.02844154e-001	
3.03576323e+002	-2.01514309e-001	
3.03815171e+002	-1.98460149e-001	
3.04054019e+002	-1.95368746e-001	
3.04292868e+002	-1.93434156e-001	
3.04531716e+002	-1.91823982e-001	
3.04770565e+002	-1.90300683e-001	
3.05009413e+002	-1.88787237e-001	
3.05248261e+002	-1.87225115e-001	
3.05487110e+002	-1.85511734e-001	
3.05725958e+002	-1.83900847e-001	
3.05964807e+002	-1.82400697e-001	
3.06203655e+002	-1.81815161e-001	
3.06442503e+002	-1.80250862e-001	
3.06681352e+002	-1.63728131e-001	
3.06920200e+002	-1.35549158e-001	
3.07159049e+002	-1.08605410e-001	
3.07397897e+002	-9.73945604e-002	
3.07636745e+002	-9.23823246e-002	
3.07875594e+002	-9.45799937e-002	
3.08114442e+002	-1.01070492e-001	
3.08353291e+002	-1.15274816e-001	
3.08592139e+002	-1.31785990e-001	
3.08830987e+002	-1.56941819e-001	
3.09069836e+002	-1.92326502e-001	
3.09308684e+002	-2.50324235e-001	
3.09547533e+002	-3.19671095e-001	
3.09786381e+002	-3.79130062e-001	
3.10025230e+002	-4.12502130e-001	
3.10264078e+002	-4.32144819e-001	
3.10502926e+002	-4.41091762e-001	
3.10741775e+002	-4.44603510e-001	
3.10980623e+002	-4.47392587e-001	
3.11219472e+002	-4.49952741e-001	
3.11458320e+002	-4.52528291e-001	
3.11697168e+002	-4.55186310e-001	
3.11936017e+002	-4.57844330e-001	
3.12174865e+002	-4.61101127e-001	
3.12413714e+002	-4.64837583e-001	
3.12652562e+002	-4.68574038e-001	
3.12891410e+002	-4.70712049e-001	
3.13130259e+002	-4.72771479e-001	
3.13369107e+002	-4.73266424e-001	
3.13607956e+002	-4.70800994e-001	
3.13846804e+002	-4.68335564e-001	
3.14085652e+002	-4.64639619e-001	
3.14324501e+002	-4.60531166e-001	
3.14563349e+002	-4.56592109e-001	
3.14802198e+002	-4.53637212e-001	
3.15041046e+002	-4.50682315e-001	
3.15279894e+002	-4.47761769e-001	
3.15518743e+002	-4.44821918e-001	
3.15757591e+002	-4.41733031e-001	
3.15996440e+002	-4.37702258e-001	
3.16235288e+002	-4.30716773e-001	
3.16474136e+002	-4.17535547e-001	
3.16712985e+002	-3.94744788e-001	
3.16951833e+002	-3.46979103e-001	
3.17190682e+002	-2.87647145e-001	
3.17429530e+002	-2.43655522e-001	
3.17668378e+002	-2.10886557e-001	
3.17907227e+002	-1.96136871e-001	
3.18146075e+002	-1.97975762e-001	
3.18384924e+002	-2.07724752e-001	
3.18623772e+002	-2.22629949e-001	
3.18862620e+002	-2.57101045e-001	
3.19101469e+002	-3.14927912e-001	
3.19340317e+002	-3.94964067e-001	
3.19579166e+002	-4.75006832e-001	
3.19818014e+002	-5.47225353e-001	
3.20056863e+002	-5.88019534e-001	
3.20295711e+002	-6.09181871e-001	
3.20534559e+002	-6.15044757e-001	
3.20773408e+002	-6.19821224e-001	
3.21012256e+002	-6.23687566e-001	
3.21251105e+002	-6.27575597e-001	
3.21489953e+002	-6.31428878e-001	
3.21728801e+002	-6.35246369e-001	
3.21967650e+002	-6.39063860e-001	
3.22206498e+002	-6.44451223e-001	
3.22445347e+002	-6.49972015e-001	
3.22684195e+002	-6.54746372e-001	
3.22923043e+002	-6.57931480e-001	
3.23161892e+002	-6.61116587e-001	
3.23400740e+002	-6.59797651e-001	
3.23639589e+002	-6.56696972e-001	
3.23878437e+002	-6.53337442e-001	
3.24117285e+002	-6.47993089e-001	
3.24356134e+002	-6.42648735e-001	
3.24594982e+002	-6.38121611e-001	
3.24833831e+002	-6.34369417e-001	
3.25072679e+002	-6.30617224e-001	
3.25311527e+002	-6.26925765e-001	
3.25550376e+002	-6.22981745e-001	
3.25789224e+002	-6.18557118e-001	
3.26028073e+002	-6.13374815e-001	
3.26266921e+002	-6.01696722e-001	
3.26505769e+002	-5.75894506e-001	
3.26744618e+002	-5.32541705e-001	
3.26983466e+002	-4.52277843e-001	
3.27222315e+002	-3.61665985e-001	
3.27461163e+002	-2.96325026e-001	
3.27700011e+002	-2.56413244e-001	
3.27938860e+002	-2.37144490e-001	
3.28177708e+002	-2.34153137e-001	
3.28416557e+002	-2.34436956e-001	
3.28655405e+002	-2.54952917e-001	
3.28894254e+002	-2.92748959e-001	
3.29133102e+002	-3.49126613e-001	
3.29371950e+002	-4.27980700e-001	
3.29610799e+002	-5.15112468e-001	
3.29849647e+002	-5.72064287e-001	
3.30088496e+002	-5.99931451e-001	
3.30327344e+002	-6.10131121e-001	
3.30566192e+002	-6.16516422e-001	
3.30805041e+002	-6.21097151e-001	
3.31043889e+002	-6.24815775e-001	
3.31282738e+002	-6.28425697e-001	
3.31521586e+002	-6.32204229e-001	
3.31760434e+002	-6.36055548e-001	
3.31999283e+002	-6.39991024e-001	
3.32238131e+002	-6.44132172e-001	
3.32476980e+002	-6.49324493e-001	
3.32715828e+002	-6.58086515e-001	
3.32954676e+002	-6.67415104e-001	
3.33193525e+002	-6.73643075e-001	
3.33432373e+002	-6.66769100e-001	
3.33671222e+002	-6.57498657e-001	
3.33910070e+002	-6.50598785e-001	
3.34148918e+002	-6.46963317e-001	
3.34387767e+002	-6.43327850e-001	
3.34626615e+002	-6.39980259e-001	
3.34865464e+002	-6.36672026e-001	
3.35104312e+002	-6.33380455e-001	
3.35343160e+002	-6.30132248e-001	
3.35582009e+002	-6.26610064e-001	
3.35820857e+002	-6.22204873e-001	
3.36059706e+002	-6.16224022e-001	
3.36298554e+002	-6.05566645e-001	
3.36537402e+002	-5.72979290e-001	
3.36776251e+002	-5.08407513e-001	
3.37015099e+002	-4.18230412e-001	
3.37253948e+002	-3.34867053e-001	
3.37492796e+002	-2.72568659e-001	
3.37731644e+002	-2.32011840e-001	
3.37970493e+002	-2.07040909e-001	
3.38209341e+002	-1.98520094e-001	
3.38448190e+002	-1.92396417e-001	
3.38687038e+002	-2.01871277e-001	
3.38925887e+002	-2.30047584e-001	
3.39164735e+002	-2.71768182e-001	
3.39403583e+002	-3.27801790e-001	
3.39642432e+002	-3.78632425e-001	
3.39881280e+002	-4.09415843e-001	
3.40120129e+002	-4.21422106e-001	
3.40358977e+002	-4.28059906e-001	
3.40597825e+002	-4.31713355e-001	
3.40836674e+002	-4.34509516e-001	
3.41075522e+002	-4.37164656e-001	
3.41314371e+002	-4.39872391e-001	
3.41553219e+002	-4.42732471e-001	
3.41792067e+002	-4.45592552e-001	
3.42030916e+002	-4.48799847e-001	
3.42269764e+002	-4.52190404e-001	
3.42508613e+002	-4.55658842e-001	
3.42747461e+002	-4.60535119e-001	
3.42986309e+002	-4.65411395e-001	
3.43225158e+002	-4.67305830e-001	
3.43464006e+002	-4.64055703e-001	
3.43702855e+002	-4.56054955e-001	
3.43941703e+002	-4.51983207e-001	
3.44180551e+002	-4.49230886e-001	
3.44419400e+002	-4.46901978e-001	
3.44658248e+002	-4.44307343e-001	
3.44897097e+002	-4.40175311e-001	
3.45135945e+002	-4.36140223e-001	
3.45374793e+002	-4.44486666e-001	
3.45613642e+002	-4.56212774e-001	
3.45852490e+002	-4.57854654e-001	
3.46091339e+002	-4.52553671e-001	
3.46330187e+002	-4.40989647e-001	
3.46569035e+002	-4.09985702e-001	
3.46807884e+002	-3.50101184e-001	
3.47046732e+002	-2.75768776e-001	
3.47285581e+002	-2.20718904e-001	
3.47524429e+002	-1.76553159e-001	
3.47763277e+002	-1.44872988e-001	
3.48002126e+002	-1.26620600e-001	
3.48240974e+002	-1.12808101e-001	
3.48479823e+002	-1.04589247e-001	
3.48718671e+002	-1.01689544e-001	
3.48957520e+002	-1.08570001e-001	
3.49196368e+002	-1.22648950e-001	
3.49435216e+002	-1.42368188e-001	
3.49674065e+002	-1.58510595e-001	
3.49912913e+002	-1.66739939e-001	
3.50151762e+002	-1.70304946e-001	
3.50390610e+002	-1.72684827e-001	
3.50629458e+002	-1.74366337e-001	
3.50868307e+002	-1.75701875e-001	
3.51107155e+002	-1.77025657e-001	
3.51346004e+002	-1.78319899e-001	
3.51584852e+002	-1.79596851e-001	
3.51823700e+002	-1.80878210e-001	
3.52062549e+002	-1.82365299e-001	
3.52301397e+002	-1.83852389e-001	
3.52540246e+002	-1.85630499e-001	
3.52779094e+002	-1.87812384e-001	
3.53017942e+002	-1.89994268e-001	
3.53256791e+002	-1.89810409e-001	
3.53495639e+002	-1.87799809e-001	
3.53734488e+002	-1.85082278e-001	
3.53973336e+002	-1.83774652e-001	
3.54212184e+002	-1.82840733e-001	
3.54451033e+002	-1.82008209e-001	
3.54689881e+002	-1.81217034e-001	
3.54928730e+002	-1.80424240e-001	
3.55167578e+002	-1.79569505e-001	
3.55406426e+002	-1.78648106e-001	
3.55645275e+002	-1.77604263e-001	
3.55884123e+002	-1.76251259e-001	
3.56122972e+002	-1.73473375e-001	
3.56361820e+002	-1.65603973e-001	
3.56600668e+002	-1.47078944e-001	
3.56839517e+002	-1.16739523e-001	
3.57078365e+002	-8.27639228e-002	
3.57317214e+002	-5.10426299e-002	
3.57556062e+002	-2.41502097e-002	
3.57794910e+002	-4.45401823e-003	
3.58033759e+002	-1.51995130e-003	
