% Column 0: Length, mm
% Column 1: B.n, Tesla
0.00000000e+000	4.30563605e-003	
2.38871119e-001	4.07184868e-003	
4.77742238e-001	3.83806130e-003	
7.16613358e-001	3.58130205e-003	
9.55484477e-001	3.30367323e-003	
1.19435560e+000	3.02479020e-003	
1.43322672e+000	2.72100409e-003	
1.67209783e+000	2.41721799e-003	
1.91096895e+000	2.09628264e-003	
2.14984007e+000	1.76251183e-003	
2.38871119e+000	1.42757607e-003	
2.62758231e+000	1.08165851e-003	
2.86645343e+000	7.70231952e-004	
3.10532455e+000	6.42671178e-004	
3.34419567e+000	8.39610439e-004	
3.58306679e+000	2.61861870e-003	
3.82193791e+000	8.00029134e-003	
4.06080903e+000	1.75310281e-002	
4.29968015e+000	2.97634919e-002	
4.53855127e+000	4.59058256e-002	
4.77742238e+000	6.51368502e-002	
5.01629350e+000	6.54615324e-002	
5.25516462e+000	6.27381168e-002	
5.49403574e+000	7.33368068e-002	
5.73290686e+000	1.07627221e-001	
5.97177798e+000	1.50949110e-001	
6.21064910e+000	2.06059914e-001	
6.44952022e+000	2.60643990e-001	
6.68839134e+000	3.02523912e-001	
6.92726246e+000	3.28585497e-001	
7.16613358e+000	3.41188281e-001	
7.40500470e+000	3.46911745e-001	
7.64387582e+000	3.50526034e-001	
7.88274693e+000	3.53850525e-001	
8.12161805e+000	3.57131975e-001	
8.36048917e+000	3.60580313e-001	
8.59936029e+000	3.64342655e-001	
8.83823141e+000	3.68283421e-001	
9.07710253e+000	3.74254102e-001	
9.31597365e+000	3.78025440e-001	
9.55484477e+000	3.76047791e-001	
9.79371589e+000	3.67791189e-001	
1.00325870e+001	3.58825903e-001	
1.02714581e+001	3.55312579e-001	
1.05103292e+001	3.52354317e-001	
1.07492004e+001	3.50445297e-001	
1.09880715e+001	3.49918212e-001	
1.12269426e+001	3.49391128e-001	
1.14658137e+001	3.49134221e-001	
1.17046848e+001	3.48889881e-001	
1.19435560e+001	3.48622770e-001	
1.21824271e+001	3.48315677e-001	
1.24212982e+001	3.47959901e-001	
1.26601693e+001	3.47393251e-001	
1.28990404e+001	3.46413923e-001	
1.31379116e+001	3.43379816e-001	
1.33767827e+001	3.32932487e-001	
1.36156538e+001	3.06981958e-001	
1.38545249e+001	2.59481452e-001	
1.40933960e+001	2.16853178e-001	
1.43322672e+001	1.78229136e-001	
1.45711383e+001	1.58426402e-001	
1.48100094e+001	1.50067184e-001	
1.50488805e+001	1.52048325e-001	
1.52877516e+001	1.63195439e-001	
1.55266227e+001	1.89162343e-001	
1.57654939e+001	2.28016505e-001	
1.60043650e+001	2.83254602e-001	
1.62432361e+001	3.58679401e-001	
1.64821072e+001	4.30967430e-001	
1.67209783e+001	4.79064834e-001	
1.69598495e+001	5.11596343e-001	
1.71987206e+001	5.24414016e-001	
1.74375917e+001	5.30524563e-001	
1.76764628e+001	5.31532241e-001	
1.79153339e+001	5.34074704e-001	
1.81542051e+001	5.39953455e-001	
1.83930762e+001	5.49008098e-001	
1.86319473e+001	5.59036471e-001	
1.88708184e+001	5.64173489e-001	
1.91096895e+001	5.57082890e-001	
1.93485607e+001	5.43198574e-001	
1.95874318e+001	5.28382874e-001	
1.98263029e+001	5.18057030e-001	
2.00651740e+001	5.11407295e-001	
2.03040451e+001	5.08584380e-001	
2.05429163e+001	5.08200375e-001	
2.07817874e+001	5.09296426e-001	
2.10206585e+001	5.11049956e-001	
2.12595296e+001	5.12950527e-001	
2.14984007e+001	5.14875188e-001	
2.17372718e+001	5.16789523e-001	
2.19761430e+001	5.18664739e-001	
2.22150141e+001	5.20480364e-001	
2.24538852e+001	5.22232738e-001	
2.26927563e+001	5.23496144e-001	
2.29316274e+001	5.23512802e-001	
2.31704986e+001	5.21203536e-001	
2.34093697e+001	4.98342617e-001	
2.36482408e+001	4.49444629e-001	
2.38871119e+001	3.60398065e-001	
2.41259830e+001	2.79657135e-001	
2.43648542e+001	2.39983323e-001	
2.46037253e+001	2.17134526e-001	
2.48425964e+001	2.11271933e-001	
2.50814675e+001	2.26924343e-001	
2.53203386e+001	2.42576753e-001	
2.55592098e+001	2.72847462e-001	
2.57980809e+001	3.22621160e-001	
2.60369520e+001	4.02939549e-001	
2.62758231e+001	5.06857909e-001	
2.65146942e+001	5.99294952e-001	
2.67535654e+001	6.66523850e-001	
2.69924365e+001	6.91121800e-001	
2.72313076e+001	7.09397634e-001	
2.74701787e+001	7.24024889e-001	
2.77090498e+001	7.40273220e-001	
2.79479209e+001	7.57161699e-001	
2.81867921e+001	7.69033710e-001	
2.84256632e+001	7.69969568e-001	
2.86645343e+001	7.57112851e-001	
2.89034054e+001	7.44256133e-001	
2.91422765e+001	7.30570179e-001	
2.93811477e+001	7.16484654e-001	
2.96200188e+001	7.03679029e-001	
2.98588899e+001	6.96031358e-001	
3.00977610e+001	6.88383686e-001	
3.03366321e+001	6.86065299e-001	
3.05755033e+001	6.90194060e-001	
3.08143744e+001	6.95061990e-001	
3.10532455e+001	7.00373579e-001	
3.12921166e+001	7.05813789e-001	
3.15309877e+001	7.11234593e-001	
3.17698589e+001	7.16815867e-001	
3.20087300e+001	7.22609903e-001	
3.22476011e+001	7.28550938e-001	
3.24864722e+001	7.34272041e-001	
3.27253433e+001	7.42607875e-001	
3.29642145e+001	7.47633628e-001	
3.32030856e+001	7.33098758e-001	
3.34419567e+001	6.51492977e-001	
3.36808278e+001	5.31871231e-001	
3.39196989e+001	4.15999127e-001	
3.41585700e+001	3.22599561e-001	
3.43974412e+001	2.65617397e-001	
3.46363123e+001	2.29071317e-001	
3.48751834e+001	2.11373338e-001	
3.51140545e+001	2.06032004e-001	
3.53529256e+001	2.15618868e-001	
3.55917968e+001	2.38197733e-001	
3.58306679e+001	2.77009226e-001	
3.60695390e+001	3.36819939e-001	
3.63084101e+001	4.04685393e-001	
3.65472812e+001	4.58663985e-001	
3.67861524e+001	4.96912109e-001	
3.70250235e+001	5.19831703e-001	
3.72638946e+001	5.34034618e-001	
3.75027657e+001	5.51277739e-001	
3.77416368e+001	5.62811778e-001	
3.79805080e+001	5.63460099e-001	
3.82193791e+001	5.54789385e-001	
3.84582502e+001	5.42713664e-001	
3.86971213e+001	5.33853490e-001	
3.89359924e+001	5.24993317e-001	
3.91748636e+001	5.17738072e-001	
3.94137347e+001	5.11633471e-001	
3.96526058e+001	5.06008489e-001	
3.98914769e+001	5.04411194e-001	
4.01303480e+001	5.02813898e-001	
4.03692191e+001	5.04433869e-001	
4.06080903e+001	5.07940190e-001	
4.08469614e+001	5.11843018e-001	
4.10858325e+001	5.17918014e-001	
4.13247036e+001	5.23993010e-001	
4.15635747e+001	5.30115373e-001	
4.18024459e+001	5.36569945e-001	
4.20413170e+001	5.44067652e-001	
4.22801881e+001	5.54125897e-001	
4.25190592e+001	5.65469534e-001	
4.27579303e+001	5.56512545e-001	
4.29968015e+001	5.26204065e-001	
4.32356726e+001	4.89547594e-001	
4.34745437e+001	4.27948656e-001	
4.37134148e+001	3.60870817e-001	
4.39522859e+001	2.87427214e-001	
4.41911571e+001	2.24342216e-001	
4.44300282e+001	1.87609189e-001	
4.46688993e+001	1.66443989e-001	
4.49077704e+001	1.53648474e-001	
4.51466415e+001	1.50609040e-001	
4.53855127e+001	1.56787358e-001	
4.56243838e+001	1.70985265e-001	
4.58632549e+001	2.00878904e-001	
4.61021260e+001	2.45775914e-001	
4.63409971e+001	2.95975914e-001	
4.65798682e+001	3.35659061e-001	
4.68187394e+001	3.55346512e-001	
4.70576105e+001	3.72275580e-001	
4.72964816e+001	3.79349347e-001	
4.75353527e+001	3.76095645e-001	
4.77742238e+001	3.72029423e-001	
4.80130950e+001	3.67793716e-001	
4.82519661e+001	3.63344070e-001	
4.84908372e+001	3.58894423e-001	
4.87297083e+001	3.56297461e-001	
4.89685794e+001	3.53765602e-001	
4.92074506e+001	3.51233744e-001	
4.94463217e+001	3.48701885e-001	
4.96851928e+001	3.46211234e-001	
4.99240639e+001	3.46621206e-001	
5.01629350e+001	3.47031178e-001	
5.04018062e+001	3.49437737e-001	
5.06406773e+001	3.53558945e-001	
5.08795484e+001	3.57836438e-001	
5.11184195e+001	3.64480040e-001	
5.13572906e+001	3.71123643e-001	
5.15961618e+001	3.77015136e-001	
5.18350329e+001	3.82375144e-001	
5.20739040e+001	3.86830748e-001	
5.23127751e+001	3.82068819e-001	
5.25516462e+001	3.70951556e-001	
5.27905173e+001	3.58876685e-001	
5.30293885e+001	3.45253383e-001	
5.32682596e+001	3.16297987e-001	
5.35071307e+001	2.68139104e-001	
5.37460018e+001	2.07321154e-001	
5.39848729e+001	1.54698481e-001	
5.42237441e+001	1.18404640e-001	
5.44626152e+001	8.84953196e-002	
5.47014863e+001	6.55427162e-002	
5.49403574e+001	4.82784176e-002	
5.51792285e+001	3.43603912e-002	
5.54180997e+001	2.11512131e-002	
5.56569708e+001	4.82035694e-003	
5.58958419e+001	-1.20390308e-002	
5.61347130e+001	-1.09977957e-002	
5.63735841e+001	1.94473857e-003	
5.66124553e+001	7.48832471e-003	
5.68513264e+001	6.85879347e-003	
5.70901975e+001	4.33935772e-003	
5.73290686e+001	4.50801493e-003	
5.75679397e+001	4.94274883e-003	
5.78068109e+001	5.43364485e-003	
5.80456820e+001	5.88710540e-003	
5.82845531e+001	6.27094301e-003	
5.85234242e+001	6.65478061e-003	
5.87622953e+001	6.95212586e-003	
5.90011664e+001	7.23696197e-003	
5.92400376e+001	7.53390841e-003	
5.94789087e+001	7.84920135e-003	
5.97177798e+001	8.16449429e-003	
5.99566509e+001	8.47978724e-003	
6.01955220e+001	8.79508018e-003	
6.04343932e+001	9.15838158e-003	
6.06732643e+001	9.58141824e-003	
6.09121354e+001	1.00044549e-002	
6.11510065e+001	1.03876407e-002	
6.13898776e+001	1.07695750e-002	
6.16287488e+001	1.09955713e-002	
6.18676199e+001	1.11085256e-002	
6.21064910e+001	1.12192942e-002	
6.23453621e+001	1.12074162e-002	
6.25842332e+001	1.11540693e-002	
6.28231044e+001	1.08252561e-002	
6.30619755e+001	9.70636416e-003	
6.33008466e+001	6.23903107e-003	
6.35397177e+001	-1.10746362e-003	
6.37785888e+001	-1.06151950e-002	
6.40174600e+001	-2.11580238e-002	
6.42563311e+001	-3.24004648e-002	
6.44952022e+001	-4.44446619e-002	
6.47340733e+001	-5.85356485e-002	
6.49729444e+001	-7.65068070e-002	
6.52118155e+001	-9.78607832e-002	
6.54506867e+001	-1.29901506e-001	
6.56895578e+001	-1.76492568e-001	
6.59284289e+001	-2.38488138e-001	
6.61673000e+001	-3.16715484e-001	
6.64061711e+001	-3.70962519e-001	
6.66450423e+001	-3.80472356e-001	
6.68839134e+001	-3.83540899e-001	
6.71227845e+001	-3.82842828e-001	
6.73616556e+001	-3.80809890e-001	
6.76005267e+001	-3.78834281e-001	
6.78393979e+001	-3.76893869e-001	
6.80782690e+001	-3.74604421e-001	
6.83171401e+001	-3.71307317e-001	
6.85560112e+001	-3.68010213e-001	
6.87948823e+001	-3.57776389e-001	
6.90337535e+001	-3.44918354e-001	
6.92726246e+001	-3.34857025e-001	
6.95114957e+001	-3.32827673e-001	
6.97503668e+001	-3.35805045e-001	
6.99892379e+001	-3.40005080e-001	
7.02281091e+001	-3.45967995e-001	
7.04669802e+001	-3.54326474e-001	
7.07058513e+001	-3.64573485e-001	
7.09447224e+001	-3.70324414e-001	
7.11835935e+001	-3.67594691e-001	
7.14224646e+001	-3.61538598e-001	
7.16613358e+001	-3.54730200e-001	
7.19002069e+001	-3.48693988e-001	
7.21390780e+001	-3.43563381e-001	
7.23779491e+001	-3.37870995e-001	
7.26168202e+001	-3.31153462e-001	
7.28556914e+001	-3.20851346e-001	
7.30945625e+001	-3.03207562e-001	
7.33334336e+001	-2.72513413e-001	
7.35723047e+001	-2.31192256e-001	
7.38111758e+001	-1.94726245e-001	
7.40500470e+001	-1.66709507e-001	
7.42889181e+001	-1.48587051e-001	
7.45277892e+001	-1.44670505e-001	
7.47666603e+001	-1.49548724e-001	
7.50055314e+001	-1.64017984e-001	
7.52444026e+001	-1.89388550e-001	
7.54832737e+001	-2.42762385e-001	
7.57221448e+001	-3.16961391e-001	
7.59610159e+001	-3.90789752e-001	
7.61998870e+001	-4.64864701e-001	
7.64387582e+001	-5.08814127e-001	
7.66776293e+001	-5.21050997e-001	
7.69165004e+001	-5.25473780e-001	
7.71553715e+001	-5.26466019e-001	
7.73942426e+001	-5.26258874e-001	
7.76331137e+001	-5.25742668e-001	
7.78719849e+001	-5.24990540e-001	
7.81108560e+001	-5.24209290e-001	
7.83497271e+001	-5.23487883e-001	
7.85885982e+001	-5.22664714e-001	
7.88274693e+001	-5.21819946e-001	
7.90663405e+001	-5.21244632e-001	
7.93052116e+001	-5.21487143e-001	
7.95440827e+001	-5.23513003e-001	
7.97829538e+001	-5.29862364e-001	
8.00218249e+001	-5.42127717e-001	
8.02606961e+001	-5.55034253e-001	
8.04995672e+001	-5.62456856e-001	
8.07384383e+001	-5.57457493e-001	
8.09773094e+001	-5.47536012e-001	
8.12161805e+001	-5.39940472e-001	
8.14550517e+001	-5.32565627e-001	
8.16939228e+001	-5.25855914e-001	
8.19327939e+001	-5.19152638e-001	
8.21716650e+001	-5.12707364e-001	
8.24105361e+001	-5.05739321e-001	
8.26494073e+001	-4.95974063e-001	
8.28882784e+001	-4.78675764e-001	
8.31271495e+001	-4.49665097e-001	
8.33660206e+001	-3.99635042e-001	
8.36048917e+001	-3.27345767e-001	
8.38437628e+001	-2.65783623e-001	
8.40826340e+001	-2.35044866e-001	
8.43215051e+001	-2.14089361e-001	
8.45603762e+001	-2.09419205e-001	
8.47992473e+001	-2.20494130e-001	
8.50381184e+001	-2.53446617e-001	
8.52769896e+001	-2.94094696e-001	
8.55158607e+001	-3.49718056e-001	
8.57547318e+001	-4.35205938e-001	
8.59936029e+001	-5.47779310e-001	
8.62324740e+001	-6.33389761e-001	
8.64713452e+001	-6.75709452e-001	
8.67102163e+001	-6.90818321e-001	
8.69490874e+001	-6.97360045e-001	
8.71879585e+001	-7.00488667e-001	
8.74268296e+001	-7.03617290e-001	
8.76657008e+001	-7.06257421e-001	
8.79045719e+001	-7.08495437e-001	
8.81434430e+001	-7.10737275e-001	
8.83823141e+001	-7.13028037e-001	
8.86211852e+001	-7.15318799e-001	
8.88600564e+001	-7.19393067e-001	
8.90989275e+001	-7.24674089e-001	
8.93377986e+001	-7.30010097e-001	
8.95766697e+001	-7.35748014e-001	
8.98155408e+001	-7.41485932e-001	
9.00544119e+001	-7.42094479e-001	
9.02932831e+001	-7.39049545e-001	
9.05321542e+001	-7.35236109e-001	
9.07710253e+001	-7.27626817e-001	
9.10098964e+001	-7.22392990e-001	
9.12487675e+001	-7.17296927e-001	
9.14876387e+001	-7.12132285e-001	
9.17265098e+001	-7.06927358e-001	
9.19653809e+001	-7.01797454e-001	
9.22042520e+001	-6.96485964e-001	
9.24431231e+001	-6.88919784e-001	
9.26819943e+001	-6.74743990e-001	
9.29208654e+001	-6.46796577e-001	
9.31597365e+001	-5.95622620e-001	
9.33986076e+001	-5.01095121e-001	
9.36374787e+001	-4.00828316e-001	
9.38763499e+001	-3.25756952e-001	
9.41152210e+001	-2.67928619e-001	
9.43540921e+001	-2.40784589e-001	
9.45929632e+001	-2.26826714e-001	
9.48318343e+001	-2.18613040e-001	
9.50707055e+001	-2.27815091e-001	
9.53095766e+001	-2.50962308e-001	
9.55484477e+001	-2.91497700e-001	
9.57873188e+001	-3.53514431e-001	
9.60261899e+001	-4.16145942e-001	
9.62650610e+001	-4.68991131e-001	
9.65039322e+001	-4.90320071e-001	
9.67428033e+001	-4.99824601e-001	
9.69816744e+001	-5.05953404e-001	
9.72205455e+001	-5.10457593e-001	
9.74594166e+001	-5.14307666e-001	
9.76982878e+001	-5.17780876e-001	
9.79371589e+001	-5.21225539e-001	
9.81760300e+001	-5.24665182e-001	
9.84149011e+001	-5.28396018e-001	
9.86537722e+001	-5.32984930e-001	
9.88926434e+001	-5.37573842e-001	
9.91315145e+001	-5.42897042e-001	
9.93703856e+001	-5.48604911e-001	
9.96092567e+001	-5.53923076e-001	
9.98481278e+001	-5.51125947e-001	
1.00086999e+002	-5.43675405e-001	
1.00325870e+002	-5.37011663e-001	
1.00564741e+002	-5.33149141e-001	
1.00803612e+002	-5.30199853e-001	
1.01042483e+002	-5.27481443e-001	
1.01281355e+002	-5.24784232e-001	
1.01520226e+002	-5.21982685e-001	
1.01759097e+002	-5.18926907e-001	
1.01997968e+002	-5.15797622e-001	
1.02236839e+002	-5.11992428e-001	
1.02475710e+002	-5.06473746e-001	
1.02714581e+002	-4.97919346e-001	
1.02953452e+002	-4.72926543e-001	
1.03192324e+002	-4.20664868e-001	
1.03431195e+002	-3.44647665e-001	
1.03670066e+002	-2.72664072e-001	
1.03908937e+002	-2.18705332e-001	
1.04147808e+002	-1.84887146e-001	
1.04386679e+002	-1.66519004e-001	
1.04625550e+002	-1.56491172e-001	
1.04864421e+002	-1.49925353e-001	
1.05103292e+002	-1.55038798e-001	
1.05342164e+002	-1.70387190e-001	
1.05581035e+002	-2.05270609e-001	
1.05819906e+002	-2.46627093e-001	
1.06058777e+002	-2.84764398e-001	
1.06297648e+002	-3.06671689e-001	
1.06536519e+002	-3.19719044e-001	
1.06775390e+002	-3.25892699e-001	
1.07014261e+002	-3.28046794e-001	
1.07253133e+002	-3.31790430e-001	
1.07492004e+002	-3.41161083e-001	
1.07730875e+002	-3.57162457e-001	
1.07969746e+002	-3.62496899e-001	
1.08208617e+002	-3.63512724e-001	
1.08447488e+002	-3.65694062e-001	
1.08686359e+002	-3.68704735e-001	
1.08925230e+002	-3.72539322e-001	
1.09164101e+002	-3.79322238e-001	
1.09402973e+002	-3.83064949e-001	
1.09641844e+002	-3.82442675e-001	
1.09880715e+002	-3.78742171e-001	
1.10119586e+002	-3.75041667e-001	
1.10358457e+002	-3.71996849e-001	
1.10597328e+002	-3.69940503e-001	
1.10836199e+002	-3.68454526e-001	
1.11075070e+002	-3.66920902e-001	
1.11313942e+002	-3.65307494e-001	
1.11552813e+002	-3.63647455e-001	
1.11791684e+002	-3.61937870e-001	
1.12030555e+002	-3.60112433e-001	
1.12269426e+002	-3.57737170e-001	
1.12508297e+002	-3.53963013e-001	
1.12747168e+002	-3.44385109e-001	
1.12986039e+002	-3.19885174e-001	
1.13224911e+002	-2.72897426e-001	
1.13463782e+002	-2.14867177e-001	
1.13702653e+002	-1.63190385e-001	
1.13941524e+002	-1.19604918e-001	
1.14180395e+002	-9.09980775e-002	
1.14419266e+002	-7.17790791e-002	
1.14658137e+002	-5.29128429e-002	
1.14897008e+002	-3.74094031e-002	
1.15135879e+002	-2.38738068e-002	
1.15374751e+002	-1.19314417e-002	
1.15613622e+002	2.10225334e-005	
1.15852493e+002	9.85471523e-003	
1.16091364e+002	1.63992784e-002	
1.16330235e+002	1.91096425e-002	
1.16569106e+002	1.98382420e-002	
1.16807977e+002	2.00901938e-002	
1.17046848e+002	2.00488303e-002	
1.17285720e+002	1.98907025e-002	
1.17524591e+002	1.96643425e-002	
1.17763462e+002	1.94094964e-002	
1.18002333e+002	1.91447509e-002	
1.18241204e+002	1.88696712e-002	
1.18480075e+002	1.85336414e-002	
1.18718946e+002	1.81430779e-002	
1.18957817e+002	1.78163813e-002	
1.19196688e+002	1.76814909e-002	
1.19435560e+002	1.79409317e-002	
1.19674431e+002	1.88506530e-002	
1.19913302e+002	1.38294656e-002	
1.20152173e+002	2.32191076e-003	
1.20391044e+002	-1.49568660e-002	
1.20629915e+002	-2.37905078e-002	
1.20868786e+002	-2.52085399e-002	
1.21107657e+002	-2.45367340e-002	
1.21346529e+002	-2.43164175e-002	
1.21585400e+002	-2.46157258e-002	
1.21824271e+002	-2.49611567e-002	
1.22063142e+002	-2.52172313e-002	
1.22302013e+002	-2.53078478e-002	
1.22540884e+002	-2.51468751e-002	
1.22779755e+002	-2.34663413e-002	
1.23018626e+002	-1.88217468e-002	
1.23257498e+002	-9.35615368e-003	
1.23496369e+002	2.67909335e-003	
1.23735240e+002	1.49399958e-002	
1.23974111e+002	2.88180393e-002	
1.24212982e+002	4.40013793e-002	
1.24451853e+002	6.09266847e-002	
1.24690724e+002	7.86317798e-002	
1.24929595e+002	1.02651163e-001	
1.25168466e+002	1.33425279e-001	
1.25407338e+002	1.81140069e-001	
1.25646209e+002	2.37320593e-001	
1.25885080e+002	2.91007375e-001	
1.26123951e+002	3.31271212e-001	
1.26362822e+002	3.44284717e-001	
1.26601693e+002	3.51433724e-001	
1.26840564e+002	3.54952985e-001	
1.27079435e+002	3.57509024e-001	
1.27318307e+002	3.59801315e-001	
1.27557178e+002	3.62025050e-001	
1.27796049e+002	3.63952493e-001	
1.28034920e+002	3.66111636e-001	
1.28273791e+002	3.68491567e-001	
1.28512662e+002	3.71041711e-001	
1.28751533e+002	3.73682071e-001	
1.28990404e+002	3.74940019e-001	
1.29229276e+002	3.76189113e-001	
1.29468147e+002	3.76466673e-001	
1.29707018e+002	3.74092182e-001	
1.29945889e+002	3.71717691e-001	
1.30184760e+002	3.67989312e-001	
1.30423631e+002	3.64437051e-001	
1.30662502e+002	3.61502838e-001	
1.30901373e+002	3.58977735e-001	
1.31140244e+002	3.56404499e-001	
1.31379116e+002	3.53952771e-001	
1.31617987e+002	3.51559189e-001	
1.31856858e+002	3.49107937e-001	
1.32095729e+002	3.46381931e-001	
1.32334600e+002	3.42898253e-001	
1.32573471e+002	3.37137915e-001	
1.32812342e+002	3.13359624e-001	
1.33051213e+002	2.67769274e-001	
1.33290085e+002	2.23148747e-001	
1.33528956e+002	1.85915707e-001	
1.33767827e+002	1.62111576e-001	
1.34006698e+002	1.50946075e-001	
1.34245569e+002	1.53013783e-001	
1.34484440e+002	1.58381664e-001	
1.34723311e+002	1.71861772e-001	
1.34962182e+002	1.98023695e-001	
1.35201053e+002	2.44437782e-001	
1.35439925e+002	3.05127010e-001	
1.35678796e+002	3.83062923e-001	
1.35917667e+002	4.49382086e-001	
1.36156538e+002	4.87249684e-001	
1.36395409e+002	5.02483523e-001	
1.36634280e+002	5.11389173e-001	
1.36873151e+002	5.16332301e-001	
1.37112022e+002	5.19957160e-001	
1.37350894e+002	5.23582018e-001	
1.37589765e+002	5.27132208e-001	
1.37828636e+002	5.30639237e-001	
1.38067507e+002	5.34164645e-001	
1.38306378e+002	5.38174620e-001	
1.38545249e+002	5.42184595e-001	
1.38784120e+002	5.45528802e-001	
1.39022991e+002	5.48023723e-001	
1.39261863e+002	5.50518643e-001	
1.39500734e+002	5.48455163e-001	
1.39739605e+002	5.45489507e-001	
1.39978476e+002	5.42099373e-001	
1.40217347e+002	5.37402101e-001	
1.40456218e+002	5.32704830e-001	
1.40695089e+002	5.29092655e-001	
1.40933960e+002	5.26069885e-001	
1.41172831e+002	5.23055297e-001	
1.41411703e+002	5.20193392e-001	
1.41650574e+002	5.16948140e-001	
1.41889445e+002	5.12417119e-001	
1.42128316e+002	5.06490036e-001	
1.42367187e+002	5.00562953e-001	
1.42606058e+002	4.82796889e-001	
1.42844929e+002	4.45365161e-001	
1.43083800e+002	3.89705031e-001	
1.43322672e+002	3.23463507e-001	
1.43561543e+002	2.68053291e-001	
1.43800414e+002	2.33169768e-001	
1.44039285e+002	2.22064237e-001	
1.44278156e+002	2.24609594e-001	
1.44517027e+002	2.29855967e-001	
1.44755898e+002	2.54497133e-001	
1.44994769e+002	2.91942920e-001	
1.45233640e+002	3.57269877e-001	
1.45472512e+002	4.49361993e-001	
1.45711383e+002	5.54407771e-001	
1.45950254e+002	6.34046631e-001	
1.46189125e+002	6.68028308e-001	
1.46427996e+002	6.84291474e-001	
1.46666867e+002	6.92368560e-001	
1.46905738e+002	6.98652203e-001	
1.47144609e+002	7.04047717e-001	
1.47383481e+002	7.09232513e-001	
1.47622352e+002	7.14463341e-001	
1.47861223e+002	7.19490867e-001	
1.48100094e+002	7.24510898e-001	
1.48338965e+002	7.29818398e-001	
1.48577836e+002	7.36166496e-001	
1.48816707e+002	7.48800258e-001	
1.49055578e+002	7.56511806e-001	
1.49294450e+002	7.56140228e-001	
1.49533321e+002	7.47124647e-001	
1.49772192e+002	7.38109067e-001	
1.50011063e+002	7.31252994e-001	
1.50249934e+002	7.25919543e-001	
1.50488805e+002	7.21536422e-001	
1.50727676e+002	7.18005286e-001	
1.50966547e+002	7.14577968e-001	
1.51205418e+002	7.11099365e-001	
1.51444290e+002	7.07500388e-001	
1.51683161e+002	7.03734152e-001	
1.51922032e+002	6.99723763e-001	
1.52160903e+002	6.94942760e-001	
1.52399774e+002	6.80449590e-001	
1.52638645e+002	6.55218058e-001	
1.52877516e+002	5.92008418e-001	
1.53116387e+002	4.92396194e-001	
1.53355259e+002	3.89758043e-001	
1.53594130e+002	3.14394930e-001	
1.53833001e+002	2.65921829e-001	
1.54071872e+002	2.38315835e-001	
1.54310743e+002	2.21496019e-001	
1.54549614e+002	2.17012006e-001	
1.54788485e+002	2.24493940e-001	
1.55027356e+002	2.48873489e-001	
1.55266227e+002	2.98162318e-001	
1.55505099e+002	3.64629745e-001	
1.55743970e+002	4.32204228e-001	
1.55982841e+002	4.73848819e-001	
1.56221712e+002	4.91886708e-001	
1.56460583e+002	5.02647421e-001	
1.56699454e+002	5.08187090e-001	
1.56938325e+002	5.11979372e-001	
1.57177196e+002	5.15943638e-001	
1.57416068e+002	5.19955161e-001	
1.57654939e+002	5.23960058e-001	
1.57893810e+002	5.27910022e-001	
1.58132681e+002	5.32240451e-001	
1.58371552e+002	5.37180712e-001	
1.58610423e+002	5.43891202e-001	
1.58849294e+002	5.53366310e-001	
1.59088165e+002	5.59173730e-001	
1.59327037e+002	5.55572498e-001	
1.59565908e+002	5.48057373e-001	
1.59804779e+002	5.40415128e-001	
1.60043650e+002	5.37712413e-001	
1.60282521e+002	5.35683244e-001	
1.60521392e+002	5.33717941e-001	
1.60760263e+002	5.31673071e-001	
1.60999134e+002	5.29555456e-001	
1.61238005e+002	5.27388192e-001	
1.61476877e+002	5.25387865e-001	
1.61715748e+002	5.23291727e-001	
1.61954619e+002	5.20680848e-001	
1.62193490e+002	5.14911711e-001	
1.62432361e+002	5.01419096e-001	
1.62671232e+002	4.75730679e-001	
1.62910103e+002	4.17193781e-001	
1.63148974e+002	3.38671366e-001	
1.63387846e+002	2.66841253e-001	
1.63626717e+002	2.18755970e-001	
1.63865588e+002	1.83808958e-001	
1.64104459e+002	1.67162334e-001	
1.64343330e+002	1.53421541e-001	
1.64582201e+002	1.49007834e-001	
1.64821072e+002	1.57863948e-001	
1.65059943e+002	1.78493525e-001	
1.65298815e+002	2.14278806e-001	
1.65537686e+002	2.59936867e-001	
1.65776557e+002	2.96702473e-001	
1.66015428e+002	3.20242460e-001	
1.66254299e+002	3.29359370e-001	
1.66493170e+002	3.33809301e-001	
1.66732041e+002	3.37266571e-001	
1.66970912e+002	3.40134652e-001	
1.67209783e+002	3.42815193e-001	
1.67448655e+002	3.45249261e-001	
1.67687526e+002	3.47875637e-001	
1.67926397e+002	3.50771735e-001	
1.68165268e+002	3.53956647e-001	
1.68404139e+002	3.57141559e-001	
1.68643010e+002	3.59103000e-001	
1.68881881e+002	3.60712917e-001	
1.69120752e+002	3.61151812e-001	
1.69359624e+002	3.59309617e-001	
1.69598495e+002	3.57467422e-001	
1.69837366e+002	3.54801409e-001	
1.70076237e+002	3.51918173e-001	
1.70315108e+002	3.49975916e-001	
1.70553979e+002	3.48249715e-001	
1.70792850e+002	3.45886212e-001	
1.71031721e+002	3.44999635e-001	
1.71270592e+002	3.48034414e-001	
1.71509464e+002	3.62580564e-001	
1.71748335e+002	3.76733461e-001	
1.71987206e+002	3.78200607e-001	
1.72226077e+002	3.71495641e-001	
1.72464948e+002	3.59362907e-001	
1.72703819e+002	3.31401119e-001	
1.72942690e+002	2.77392991e-001	
1.73181561e+002	2.12288854e-001	
1.73420433e+002	1.60638507e-001	
1.73659304e+002	1.22041680e-001	
1.73898175e+002	9.67699815e-002	
1.74137046e+002	7.34372600e-002	
1.74375917e+002	5.37847923e-002	
1.74614788e+002	3.95789215e-002	
1.74853659e+002	2.79796895e-002	
1.75092530e+002	1.75288725e-002	
1.75331402e+002	7.55893839e-003	
1.75570273e+002	-1.23433398e-004	
1.75809144e+002	-4.34039855e-003	
1.76048015e+002	-5.75364556e-003	
1.76286886e+002	-6.38919030e-003	
1.76525757e+002	-6.41227133e-003	
1.76764628e+002	-6.22331563e-003	
1.77003499e+002	-6.03435992e-003	
1.77242370e+002	-5.84624552e-003	
1.77481242e+002	-5.65899802e-003	
1.77720113e+002	-5.46944060e-003	
1.77958984e+002	-5.27001516e-003	
1.78197855e+002	-5.06841950e-003	
1.78436726e+002	-4.86645859e-003	
1.78675597e+002	-4.66322307e-003	
1.78914468e+002	-4.45998756e-003	
1.79153339e+002	-4.25176901e-003	
1.79392211e+002	-4.01668354e-003	
1.79631082e+002	-3.77488054e-003	
1.79869953e+002	-3.49459015e-003	
1.80108824e+002	-3.21429975e-003	
1.80347695e+002	-2.91972098e-003	
1.80586566e+002	-2.61815971e-003	
1.80825437e+002	-2.30820772e-003	
1.81064308e+002	-1.96358926e-003	
1.81303179e+002	-1.61897080e-003	
1.81542051e+002	-1.27834992e-003	
1.81780922e+002	-9.53864879e-004	
1.82019793e+002	-7.04858421e-004	
1.82258664e+002	-6.44844628e-004	
1.82497535e+002	-1.49158530e-003	
1.82736406e+002	-4.83669748e-003	
1.82975277e+002	-1.19843782e-002	
1.83214148e+002	-2.27132690e-002	
1.83453020e+002	-3.61984234e-002	
1.83691891e+002	-5.23914966e-002	
1.83930762e+002	-6.17330164e-002	
1.84169633e+002	-6.40705622e-002	
1.84408504e+002	-7.02751045e-002	
1.84647375e+002	-9.15500098e-002	
1.84886246e+002	-1.30412723e-001	
1.85125117e+002	-1.75600553e-001	
1.85363989e+002	-2.34476590e-001	
1.85602860e+002	-2.90840470e-001	
1.85841731e+002	-3.25184722e-001	
1.86080602e+002	-3.38981863e-001	
1.86319473e+002	-3.45341743e-001	
1.86558344e+002	-3.49967594e-001	
1.86797215e+002	-3.53722078e-001	
1.87036086e+002	-3.57207270e-001	
1.87274957e+002	-3.60674844e-001	
1.87513829e+002	-3.64811157e-001	
1.87752700e+002	-3.68983126e-001	
1.87991571e+002	-3.71516098e-001	
1.88230442e+002	-3.72219411e-001	
1.88469313e+002	-3.72922723e-001	
1.88708184e+002	-3.68490670e-001	
1.88947055e+002	-3.63966157e-001	
1.89185926e+002	-3.59789812e-001	
1.89424798e+002	-3.55936406e-001	
1.89663669e+002	-3.52200425e-001	
1.89902540e+002	-3.51147724e-001	
1.90141411e+002	-3.50559176e-001	
1.90380282e+002	-3.50247093e-001	
1.90619153e+002	-3.50066445e-001	
1.90858024e+002	-3.49893840e-001	
1.91096895e+002	-3.49676317e-001	
1.91335767e+002	-3.49385025e-001	
1.91574638e+002	-3.48925927e-001	
1.91813509e+002	-3.48037206e-001	
1.92052380e+002	-3.46040313e-001	
1.92291251e+002	-3.40495820e-001	
1.92530122e+002	-3.23645788e-001	
1.92768993e+002	-2.86873502e-001	
1.93007864e+002	-2.38188582e-001	
1.93246735e+002	-1.96865794e-001	
1.93485607e+002	-1.65269681e-001	
1.93724478e+002	-1.52188185e-001	
1.93963349e+002	-1.51588655e-001	
1.94202220e+002	-1.56786218e-001	
1.94441091e+002	-1.73176819e-001	
1.94679962e+002	-2.01300622e-001	
1.94918833e+002	-2.49694256e-001	
1.95157704e+002	-3.15739451e-001	
1.95396576e+002	-3.95640915e-001	
1.95635447e+002	-4.55601261e-001	
1.95874318e+002	-5.00342779e-001	
1.96113189e+002	-5.19307940e-001	
1.96352060e+002	-5.29285227e-001	
1.96590931e+002	-5.33203665e-001	
1.96829802e+002	-5.34768396e-001	
1.97068673e+002	-5.38110422e-001	
1.97307544e+002	-5.46487519e-001	
1.97546416e+002	-5.57429463e-001	
1.97785287e+002	-5.64380431e-001	
1.98024158e+002	-5.62834320e-001	
1.98263029e+002	-5.51683631e-001	
1.98501900e+002	-5.36589033e-001	
1.98740771e+002	-5.24273586e-001	
1.98979642e+002	-5.15675761e-001	
1.99218513e+002	-5.10765533e-001	
1.99457385e+002	-5.09052538e-001	
1.99696256e+002	-5.09811606e-001	
1.99935127e+002	-5.11483848e-001	
2.00173998e+002	-5.13357141e-001	
2.00412869e+002	-5.15367938e-001	
2.00651740e+002	-5.17489644e-001	
2.00890611e+002	-5.19679783e-001	
2.01129482e+002	-5.21533435e-001	
2.01368354e+002	-5.23250343e-001	
2.01607225e+002	-5.24836776e-001	
2.01846096e+002	-5.25842840e-001	
2.02084967e+002	-5.25324344e-001	
2.02323838e+002	-5.16170895e-001	
2.02562709e+002	-4.90599114e-001	
2.02801580e+002	-4.06767573e-001	
2.03040451e+002	-3.20699046e-001	
2.03279322e+002	-2.60221945e-001	
2.03518194e+002	-2.27324501e-001	
2.03757065e+002	-2.12531908e-001	
2.03995936e+002	-2.12145470e-001	
2.04234807e+002	-2.24574242e-001	
2.04473678e+002	-2.49555274e-001	
2.04712549e+002	-2.94427263e-001	
2.04951420e+002	-3.65640646e-001	
2.05190291e+002	-4.55921588e-001	
2.05429163e+002	-5.63995630e-001	
2.05668034e+002	-6.41716105e-001	
2.05906905e+002	-6.82061417e-001	
2.06145776e+002	-7.03578606e-001	
2.06384647e+002	-7.19703108e-001	
2.06623518e+002	-7.33808803e-001	
2.06862389e+002	-7.49017529e-001	
2.07101260e+002	-7.68185309e-001	
2.07340131e+002	-7.79034182e-001	
2.07579003e+002	-7.72691891e-001	
2.07817874e+002	-7.55835353e-001	
2.08056745e+002	-7.36136918e-001	
2.08295616e+002	-7.20483392e-001	
2.08534487e+002	-7.07236829e-001	
2.08773358e+002	-6.97037508e-001	
2.09012229e+002	-6.90612711e-001	
2.09251100e+002	-6.88259063e-001	
2.09489972e+002	-6.89783183e-001	
2.09728843e+002	-6.94109796e-001	
2.09967714e+002	-6.99302366e-001	
2.10206585e+002	-7.04802967e-001	
2.10445456e+002	-7.10426153e-001	
2.10684327e+002	-7.16132911e-001	
2.10923198e+002	-7.22016556e-001	
2.11162069e+002	-7.28110011e-001	
2.11400941e+002	-7.34099194e-001	
2.11639812e+002	-7.41603087e-001	
2.11878683e+002	-7.49125616e-001	
2.12117554e+002	-7.44064951e-001	
2.12356425e+002	-6.87124052e-001	
2.12595296e+002	-5.95328956e-001	
2.12834167e+002	-4.70827059e-001	
2.13073038e+002	-3.68378187e-001	
2.13311909e+002	-2.91596328e-001	
2.13550781e+002	-2.46309876e-001	
2.13789652e+002	-2.19977810e-001	
2.14028523e+002	-2.07468222e-001	
2.14267394e+002	-2.07396155e-001	
2.14506265e+002	-2.20795372e-001	
2.14745136e+002	-2.52899757e-001	
2.14984007e+002	-3.00129510e-001	
2.15222878e+002	-3.69080108e-001	
2.15461750e+002	-4.39317704e-001	
2.15700621e+002	-4.89380621e-001	
2.15939492e+002	-5.13013697e-001	
2.16178363e+002	-5.30129847e-001	
2.16417234e+002	-5.46164457e-001	
2.16656105e+002	-5.58094882e-001	
2.16894976e+002	-5.62204752e-001	
2.17133847e+002	-5.55229796e-001	
2.17372718e+002	-5.48254841e-001	
2.17611590e+002	-5.39801219e-001	
2.17850461e+002	-5.30476735e-001	
2.18089332e+002	-5.21624449e-001	
2.18328203e+002	-5.15396697e-001	
2.18567074e+002	-5.09168945e-001	
2.18805945e+002	-5.05990483e-001	
2.19044816e+002	-5.04276043e-001	
2.19283687e+002	-5.03595157e-001	
2.19522559e+002	-5.07080683e-001	
2.19761430e+002	-5.10566209e-001	
2.20000301e+002	-5.15979898e-001	
2.20239172e+002	-5.22136399e-001	
2.20478043e+002	-5.28290775e-001	
2.20716914e+002	-5.34442152e-001	
2.20955785e+002	-5.41132071e-001	
2.21194656e+002	-5.51198171e-001	
2.21433528e+002	-5.61801576e-001	
2.21672399e+002	-5.64817291e-001	
2.21911270e+002	-5.40353470e-001	
2.22150141e+002	-5.09980031e-001	
2.22389012e+002	-4.64122795e-001	
2.22627883e+002	-3.97096322e-001	
2.22866754e+002	-3.24334553e-001	
2.23105625e+002	-2.56464753e-001	
2.23344496e+002	-2.05124619e-001	
2.23583368e+002	-1.76430818e-001	
2.23822239e+002	-1.58629334e-001	
2.24061110e+002	-1.50206221e-001	
2.24299981e+002	-1.49564530e-001	
2.24538852e+002	-1.59567423e-001	
2.24777723e+002	-1.86305362e-001	
2.25016594e+002	-2.22557204e-001	
2.25255465e+002	-2.72330297e-001	
2.25494337e+002	-3.19546752e-001	
2.25733208e+002	-3.46594270e-001	
2.25972079e+002	-3.65944581e-001	
2.26210950e+002	-3.76653726e-001	
2.26449821e+002	-3.78478409e-001	
2.26688692e+002	-3.74437180e-001	
2.26927563e+002	-3.70395951e-001	
2.27166434e+002	-3.65954188e-001	
2.27405306e+002	-3.61512220e-001	
2.27644177e+002	-3.57926530e-001	
2.27883048e+002	-3.55122834e-001	
2.28121919e+002	-3.52319138e-001	
2.28360790e+002	-3.49515442e-001	
2.28599661e+002	-3.46711746e-001	
2.28838532e+002	-3.45998817e-001	
2.29077403e+002	-3.46869942e-001	
2.29316274e+002	-3.48055905e-001	
2.29555146e+002	-3.52346040e-001	
2.29794017e+002	-3.56636175e-001	
2.30032888e+002	-3.61760161e-001	
2.30271759e+002	-3.67833142e-001	
2.30510630e+002	-3.74911254e-001	
2.30749501e+002	-3.83845558e-001	
2.30988372e+002	-3.88771700e-001	
2.31227243e+002	-3.85687264e-001	
2.31466115e+002	-3.76785170e-001	
2.31704986e+002	-3.65242478e-001	
2.31943857e+002	-3.53623289e-001	
2.32182728e+002	-3.34175475e-001	
2.32421599e+002	-2.98358493e-001	
2.32660470e+002	-2.39154618e-001	
2.32899341e+002	-1.81186828e-001	
2.33138212e+002	-1.35192780e-001	
2.33377083e+002	-1.02482418e-001	
2.33615955e+002	-7.74480379e-002	
2.33854826e+002	-5.74193205e-002	
2.34093697e+002	-4.07385144e-002	
2.34332568e+002	-2.71004427e-002	
2.34571439e+002	-1.20172315e-002	
2.34810310e+002	3.64182097e-003	
2.35049181e+002	1.46331831e-002	
2.35288052e+002	4.94544961e-003	
2.35526924e+002	-9.02582654e-003	
2.35765795e+002	-8.80616801e-003	
2.36004666e+002	-5.34461681e-003	
2.36243537e+002	-4.38754517e-003	
2.36482408e+002	-4.66575233e-003	
2.36721279e+002	-5.15925056e-003	
2.36960150e+002	-5.59730088e-003	
2.37199021e+002	-5.97963092e-003	
2.37437893e+002	-6.35527399e-003	
2.37676764e+002	-6.70035382e-003	
2.37915635e+002	-6.99446952e-003	
2.38154506e+002	-7.25127295e-003	
2.38393377e+002	-7.54681421e-003	
2.38632248e+002	-7.84486640e-003	
2.38871119e+002	-8.15537375e-003	
2.39109990e+002	-8.49574502e-003	
2.39348861e+002	-8.88943184e-003	
2.39587733e+002	-9.27635572e-003	
2.39826604e+002	-9.69252736e-003	
2.40065475e+002	-1.01385305e-002	
2.40304346e+002	-1.06037557e-002	
2.40543217e+002	-1.10184120e-002	
2.40782088e+002	-1.11603519e-002	
2.41020959e+002	-1.11454588e-002	
2.41259830e+002	-1.11161925e-002	
2.41498702e+002	-1.10670483e-002	
2.41737573e+002	-1.08872739e-002	
2.41976444e+002	-1.02139288e-002	
2.42215315e+002	-8.23393295e-003	
2.42454186e+002	-3.18842426e-003	
2.42693057e+002	5.22692864e-003	
2.42931928e+002	1.53102574e-002	
2.43170799e+002	2.59422889e-002	
2.43409670e+002	3.73588527e-002	
2.43648542e+002	5.13659650e-002	
2.43887413e+002	6.78332189e-002	
2.44126284e+002	8.73080891e-002	
2.44365155e+002	1.13651483e-001	
2.44604026e+002	1.54757217e-001	
2.44842897e+002	2.11296907e-001	
2.45081768e+002	2.84659875e-001	
2.45320639e+002	3.54763471e-001	
2.45559511e+002	3.77077903e-001	
2.45798382e+002	3.82573372e-001	
2.46037253e+002	3.83425562e-001	
2.46276124e+002	3.82042613e-001	
2.46514995e+002	3.80019061e-001	
2.46753866e+002	3.78068841e-001	
2.46992737e+002	3.76398017e-001	
2.47231608e+002	3.73546267e-001	
2.47470480e+002	3.70373343e-001	
2.47709351e+002	3.64452365e-001	
2.47948222e+002	3.52280477e-001	
2.48187093e+002	3.38604534e-001	
2.48425964e+002	3.34146943e-001	
2.48664835e+002	3.34835603e-001	
2.48903706e+002	3.38300463e-001	
2.49142577e+002	3.43026159e-001	
2.49381448e+002	3.50055296e-001	
2.49620320e+002	3.60712234e-001	
2.49859191e+002	3.67813121e-001	
2.50098062e+002	3.68627362e-001	
2.50336933e+002	3.63445011e-001	
2.50575804e+002	3.58262660e-001	
2.50814675e+002	3.52661720e-001	
2.51053546e+002	3.47026828e-001	
2.51292417e+002	3.41427960e-001	
2.51531289e+002	3.35522511e-001	
2.51770160e+002	3.28294475e-001	
2.52009031e+002	3.16002912e-001	
2.52247902e+002	2.93035075e-001	
2.52486773e+002	2.53924127e-001	
2.52725644e+002	2.10640315e-001	
2.52964515e+002	1.76447846e-001	
2.53203386e+002	1.57900913e-001	
2.53442258e+002	1.48297492e-001	
2.53681129e+002	1.45977789e-001	
2.53920000e+002	1.55608841e-001	
2.54158871e+002	1.76587800e-001	
2.54397742e+002	2.16512272e-001	
2.54636613e+002	2.76049593e-001	
2.54875484e+002	3.51048926e-001	
2.55114355e+002	4.30535443e-001	
2.55353226e+002	4.86429021e-001	
2.55592098e+002	5.15350145e-001	
2.55830969e+002	5.25697505e-001	
2.56069840e+002	5.26625430e-001	
2.56308711e+002	5.26614168e-001	
2.56547582e+002	5.26187877e-001	
2.56786453e+002	5.25560368e-001	
2.57025324e+002	5.24932859e-001	
2.57264195e+002	5.24597473e-001	
2.57503067e+002	5.24399877e-001	
2.57741938e+002	5.24202280e-001	
2.57980809e+002	5.24004684e-001	
2.58219680e+002	5.23807087e-001	
2.58458551e+002	5.27456341e-001	
2.58697422e+002	5.32559077e-001	
2.58936293e+002	5.38018678e-001	
2.59175164e+002	5.44555084e-001	
2.59414035e+002	5.51091489e-001	
2.59652907e+002	5.51309665e-001	
2.59891778e+002	5.49142092e-001	
2.60130649e+002	5.45172423e-001	
2.60369520e+002	5.36904121e-001	
2.60608391e+002	5.29253346e-001	
2.60847262e+002	5.22447840e-001	
2.61086133e+002	5.16048140e-001	
2.61325004e+002	5.09698077e-001	
2.61563876e+002	5.02345253e-001	
2.61802747e+002	4.91094526e-001	
2.62041618e+002	4.71687545e-001	
2.62280489e+002	4.27431929e-001	
2.62519360e+002	3.59616336e-001	
2.62758231e+002	2.94502383e-001	
2.62997102e+002	2.48397281e-001	
2.63235973e+002	2.24006025e-001	
2.63474845e+002	2.10092894e-001	
2.63713716e+002	2.14784850e-001	
2.63952587e+002	2.32432816e-001	
2.64191458e+002	2.69402915e-001	
2.64430329e+002	3.24768163e-001	
2.64669200e+002	3.90826619e-001	
2.64908071e+002	4.91852552e-001	
2.65146942e+002	5.82913456e-001	
2.65385813e+002	6.53979804e-001	
2.65624685e+002	6.81353740e-001	
2.65863556e+002	6.94124218e-001	
2.66102427e+002	6.99763954e-001	
2.66341298e+002	7.02818344e-001	
2.66580169e+002	7.05343849e-001	
2.66819040e+002	7.07567016e-001	
2.67057911e+002	7.09774394e-001	
2.67296782e+002	7.11945954e-001	
2.67535654e+002	7.14085555e-001	
2.67774525e+002	7.16238028e-001	
2.68013396e+002	7.18661520e-001	
2.68252267e+002	7.22782739e-001	
2.68491138e+002	7.32774503e-001	
2.68730009e+002	7.45477706e-001	
2.68968880e+002	7.54657869e-001	
2.69207751e+002	7.49019491e-001	
2.69446622e+002	7.38683750e-001	
2.69685494e+002	7.31075077e-001	
2.69924365e+002	7.25347465e-001	
2.70163236e+002	7.20008118e-001	
2.70402107e+002	7.14848481e-001	
2.70640978e+002	7.09603668e-001	
2.70879849e+002	7.04444078e-001	
2.71118720e+002	6.99233785e-001	
2.71357591e+002	6.93210970e-001	
2.71596463e+002	6.84855785e-001	
2.71835334e+002	6.65026557e-001	
2.72074205e+002	6.22201516e-001	
2.72313076e+002	5.53038587e-001	
2.72551947e+002	4.49792931e-001	
2.72790818e+002	3.60505791e-001	
2.73029689e+002	2.96033997e-001	
2.73268560e+002	2.56450773e-001	
2.73507432e+002	2.34541534e-001	
2.73746303e+002	2.22422031e-001	
2.73985174e+002	2.17495743e-001	
2.74224045e+002	2.32342177e-001	
2.74462916e+002	2.63565108e-001	
2.74701787e+002	3.18943783e-001	
2.74940658e+002	3.83835665e-001	
2.75179529e+002	4.46491808e-001	
2.75418400e+002	4.82521515e-001	
2.75657272e+002	4.94902985e-001	
2.75896143e+002	5.03326300e-001	
2.76135014e+002	5.08291695e-001	
2.76373885e+002	5.12265986e-001	
2.76612756e+002	5.15890320e-001	
2.76851627e+002	5.19349197e-001	
2.77090498e+002	5.22798984e-001	
2.77329369e+002	5.26248771e-001	
2.77568241e+002	5.30733906e-001	
2.77807112e+002	5.35584026e-001	
2.78045983e+002	5.40150263e-001	
2.78284854e+002	5.42992337e-001	
2.78523725e+002	5.45834411e-001	
2.78762596e+002	5.45828792e-001	
2.79001467e+002	5.43446341e-001	
2.79240338e+002	5.41063889e-001	
2.79479209e+002	5.36945360e-001	
2.79718081e+002	5.32726508e-001	
2.79956952e+002	5.28983935e-001	
2.80195823e+002	5.26136122e-001	
2.80434694e+002	5.23288310e-001	
2.80673565e+002	5.20426810e-001	
2.80912436e+002	5.17405743e-001	
2.81151307e+002	5.14168287e-001	
2.81390178e+002	5.10253521e-001	
2.81629050e+002	5.01823466e-001	
2.81867921e+002	4.87776845e-001	
2.82106792e+002	4.50304966e-001	
2.82345663e+002	3.84853877e-001	
2.82584534e+002	3.07342435e-001	
2.82823405e+002	2.43324071e-001	
2.83062276e+002	1.98815721e-001	
2.83301147e+002	1.74615250e-001	
2.83540019e+002	1.61641529e-001	
2.83778890e+002	1.52016189e-001	
2.84017761e+002	1.53393820e-001	
2.84256632e+002	1.63521807e-001	
2.84495503e+002	1.87033721e-001	
2.84734374e+002	2.23099721e-001	
2.84973245e+002	2.67168233e-001	
2.85212116e+002	3.00300257e-001	
2.85450987e+002	3.17246642e-001	
2.85689859e+002	3.24445637e-001	
2.85928730e+002	3.27609708e-001	
2.86167601e+002	3.28381169e-001	
2.86406472e+002	3.32837245e-001	
2.86645343e+002	3.49320032e-001	
2.86884214e+002	3.57724827e-001	
2.87123085e+002	3.61944534e-001	
2.87361956e+002	3.63987713e-001	
2.87600828e+002	3.66594859e-001	
2.87839699e+002	3.69965645e-001	
2.88078570e+002	3.75328110e-001	
2.88317441e+002	3.81057403e-001	
2.88556312e+002	3.84059416e-001	
2.88795183e+002	3.80320331e-001	
2.89034054e+002	3.76667237e-001	
2.89272925e+002	3.73265194e-001	
2.89511797e+002	3.70395472e-001	
2.89750668e+002	3.68915491e-001	
2.89989539e+002	3.67374166e-001	
2.90228410e+002	3.65778922e-001	
2.90467281e+002	3.64134205e-001	
2.90706152e+002	3.62444671e-001	
2.90945023e+002	3.60662910e-001	
2.91183894e+002	3.58391043e-001	
2.91422765e+002	3.55547967e-001	
2.91661637e+002	3.50443073e-001	
2.91900508e+002	3.33916770e-001	
2.92139379e+002	3.00680844e-001	
2.92378250e+002	2.41031064e-001	
2.92617121e+002	1.84305313e-001	
2.92855992e+002	1.38357021e-001	
2.93094863e+002	1.05843519e-001	
2.93333734e+002	8.15932501e-002	
2.93572606e+002	6.21435502e-002	
2.93811477e+002	4.63253926e-002	
2.94050348e+002	3.16444258e-002	
2.94289219e+002	1.82990672e-002	
2.94528090e+002	6.13923944e-003	
2.94766961e+002	-5.26622652e-003	
2.95005832e+002	-1.36839560e-002	
2.95244703e+002	-1.83926737e-002	
2.95483574e+002	-1.98644502e-002	
2.95722446e+002	-2.02095122e-002	
2.95961317e+002	-2.01708724e-002	
2.96200188e+002	-2.00268750e-002	
2.96439059e+002	-1.98341307e-002	
2.96677930e+002	-1.96117520e-002	
2.96916801e+002	-1.93602381e-002	
2.97155672e+002	-1.90665567e-002	
2.97394543e+002	-1.87454471e-002	
2.97633415e+002	-1.83938166e-002	
2.97872286e+002	-1.80075608e-002	
2.98111157e+002	-1.77582812e-002	
2.98350028e+002	-1.78950013e-002	
2.98588899e+002	-1.85492079e-002	
2.98827770e+002	-1.82054433e-002	
2.99066641e+002	-9.87362654e-003	
2.99305512e+002	6.15061172e-003	
2.99544384e+002	1.92322460e-002	
2.99783255e+002	2.57019429e-002	
3.00022126e+002	2.45098068e-002	
3.00260997e+002	2.41433635e-002	
3.00499868e+002	2.42489919e-002	
3.00738739e+002	2.46016829e-002	
3.00977610e+002	2.49510428e-002	
3.01216481e+002	2.51501083e-002	
3.01455352e+002	2.52036905e-002	
3.01694224e+002	2.45537720e-002	
3.01933095e+002	2.14121904e-002	
3.02171966e+002	1.40295692e-002	
3.02410837e+002	3.84053718e-003	
3.02649708e+002	-9.25694926e-003	
3.02888579e+002	-2.17993501e-002	
3.03127450e+002	-3.51351790e-002	
3.03366321e+002	-5.15370208e-002	
3.03605193e+002	-6.90667029e-002	
3.03844064e+002	-9.09168935e-002	
3.04082935e+002	-1.18407081e-001	
3.04321806e+002	-1.56634269e-001	
3.04560677e+002	-2.09133818e-001	
3.04799548e+002	-2.65126554e-001	
3.05038419e+002	-3.14299717e-001	
3.05277290e+002	-3.39061160e-001	
3.05516161e+002	-3.47799672e-001	
3.05755033e+002	-3.52873365e-001	
3.05993904e+002	-3.55931789e-001	
3.06232775e+002	-3.58119131e-001	
3.06471646e+002	-3.60181882e-001	
3.06710517e+002	-3.62231301e-001	
3.06949388e+002	-3.64255590e-001	
3.07188259e+002	-3.66236209e-001	
3.07427130e+002	-3.68252737e-001	
3.07666002e+002	-3.70600488e-001	
3.07904873e+002	-3.74351300e-001	
3.08143744e+002	-3.79450533e-001	
3.08382615e+002	-3.82669529e-001	
3.08621486e+002	-3.79033217e-001	
3.08860357e+002	-3.73526683e-001	
3.09099228e+002	-3.68053879e-001	
3.09338099e+002	-3.64840964e-001	
3.09576971e+002	-3.62291214e-001	
3.09815842e+002	-3.59816638e-001	
3.10054713e+002	-3.57300720e-001	
3.10293584e+002	-3.54678549e-001	
3.10532455e+002	-3.52245131e-001	
3.10771326e+002	-3.49886620e-001	
3.11010197e+002	-3.47384084e-001	
3.11249068e+002	-3.44553437e-001	
3.11487939e+002	-3.40978797e-001	
3.11726811e+002	-3.29254891e-001	
3.11965682e+002	-2.92049638e-001	
3.12204553e+002	-2.44434729e-001	
3.12443424e+002	-2.04039906e-001	
3.12682295e+002	-1.73046539e-001	
3.12921166e+002	-1.54051140e-001	
3.13160037e+002	-1.50412257e-001	
3.13398908e+002	-1.56727598e-001	
3.13637780e+002	-1.64580038e-001	
3.13876651e+002	-1.85599408e-001	
3.14115522e+002	-2.15566704e-001	
3.14354393e+002	-2.69274605e-001	
3.14593264e+002	-3.42900268e-001	
3.14832135e+002	-4.16077759e-001	
3.15071006e+002	-4.63572402e-001	
3.15309877e+002	-4.94198217e-001	
3.15548749e+002	-5.07775963e-001	
3.15787620e+002	-5.13046498e-001	
3.16026491e+002	-5.16956011e-001	
3.16265362e+002	-5.20339051e-001	
3.16504233e+002	-5.23727063e-001	
3.16743104e+002	-5.27185825e-001	
3.16981975e+002	-5.30644586e-001	
3.17220846e+002	-5.34650601e-001	
3.17459717e+002	-5.39279532e-001	
3.17698589e+002	-5.43908462e-001	
3.17937460e+002	-5.46266491e-001	
3.18176331e+002	-5.48284246e-001	
3.18415202e+002	-5.48963325e-001	
3.18654073e+002	-5.45668346e-001	
3.18892944e+002	-5.42373366e-001	
3.19131815e+002	-5.37860742e-001	
3.19370686e+002	-5.33250363e-001	
3.19609558e+002	-5.29511649e-001	
3.19848429e+002	-5.26390225e-001	
3.20087300e+002	-5.23229755e-001	
3.20326171e+002	-5.20179056e-001	
3.20565042e+002	-5.17245065e-001	
3.20803913e+002	-5.14239430e-001	
3.21042784e+002	-5.10520667e-001	
3.21281655e+002	-5.04759688e-001	
3.21520526e+002	-4.96116975e-001	
3.21759398e+002	-4.77180659e-001	
3.21998269e+002	-4.26517490e-001	
3.22237140e+002	-3.57940885e-001	
3.22476011e+002	-2.91587915e-001	
3.22714882e+002	-2.48408617e-001	
3.22953753e+002	-2.27828445e-001	
3.23192624e+002	-2.22259980e-001	
3.23431495e+002	-2.26781027e-001	
3.23670367e+002	-2.37658797e-001	
3.23909238e+002	-2.66783605e-001	
3.24148109e+002	-3.26460279e-001	
3.24386980e+002	-4.08766562e-001	
3.24625851e+002	-5.06530269e-001	
3.24864722e+002	-5.99350643e-001	
3.25103593e+002	-6.52958651e-001	
3.25342464e+002	-6.74252435e-001	
3.25581336e+002	-6.87107158e-001	
3.25820207e+002	-6.94308820e-001	
3.26059078e+002	-6.99563640e-001	
3.26297949e+002	-7.04601732e-001	
3.26536820e+002	-7.09442369e-001	
3.26775691e+002	-7.14310488e-001	
3.27014562e+002	-7.19867723e-001	
3.27253433e+002	-7.26200649e-001	
3.27492304e+002	-7.32620013e-001	
3.27731176e+002	-7.38101242e-001	
3.27970047e+002	-7.41411827e-001	
3.28208918e+002	-7.44722411e-001	
3.28447789e+002	-7.43159904e-001	
3.28686660e+002	-7.39512442e-001	
3.28925531e+002	-7.35621197e-001	
3.29164402e+002	-7.29668633e-001	
3.29403273e+002	-7.23716069e-001	
3.29642145e+002	-7.18829862e-001	
3.29881016e+002	-7.14977339e-001	
3.30119887e+002	-7.11124816e-001	
3.30358758e+002	-7.07503141e-001	
3.30597629e+002	-7.03904356e-001	
3.30836500e+002	-7.00016257e-001	
3.31075371e+002	-6.95423579e-001	
3.31314242e+002	-6.85737003e-001	
3.31553113e+002	-6.65781714e-001	
3.31791985e+002	-6.27465088e-001	
3.32030856e+002	-5.41590011e-001	
3.32269727e+002	-4.32048687e-001	
3.32508598e+002	-3.53696571e-001	
3.32747469e+002	-2.93450672e-001	
3.32986340e+002	-2.50000060e-001	
3.33225211e+002	-2.31585413e-001	
3.33464082e+002	-2.18339097e-001	
3.33702954e+002	-2.16618721e-001	
3.33941825e+002	-2.35358524e-001	
3.34180696e+002	-2.70505117e-001	
3.34419567e+002	-3.23682070e-001	
3.34658438e+002	-3.91947865e-001	
3.34897309e+002	-4.48175478e-001	
3.35136180e+002	-4.83372325e-001	
3.35375051e+002	-4.96833161e-001	
3.35613923e+002	-5.03844950e-001	
3.35852794e+002	-5.08598652e-001	
3.36091665e+002	-5.12486310e-001	
3.36330536e+002	-5.16190886e-001	
3.36569407e+002	-5.20155339e-001	
3.36808278e+002	-5.24023101e-001	
3.37047149e+002	-5.27876673e-001	
3.37286020e+002	-5.31882783e-001	
3.37524891e+002	-5.37186590e-001	
3.37763763e+002	-5.45741883e-001	
3.38002634e+002	-5.53813676e-001	
3.38241505e+002	-5.57860091e-001	
3.38480376e+002	-5.51391122e-001	
3.38719247e+002	-5.43463473e-001	
3.38958118e+002	-5.38161531e-001	
3.39196989e+002	-5.35514568e-001	
3.39435860e+002	-5.33359808e-001	
3.39674732e+002	-5.31262577e-001	
3.39913603e+002	-5.29221768e-001	
3.40152474e+002	-5.27167461e-001	
3.40391345e+002	-5.25019881e-001	
3.40630216e+002	-5.22640407e-001	
3.40869087e+002	-5.19955191e-001	
3.41107958e+002	-5.16022191e-001	
3.41346829e+002	-5.09639098e-001	
3.41585700e+002	-4.92460652e-001	
3.41824572e+002	-4.50224937e-001	
3.42063443e+002	-3.77234358e-001	
3.42302314e+002	-2.94457140e-001	
3.42541185e+002	-2.36850921e-001	
3.42780056e+002	-1.97756590e-001	
3.43018927e+002	-1.74285835e-001	
3.43257798e+002	-1.60559282e-001	
3.43496669e+002	-1.49821534e-001	
3.43735541e+002	-1.52034506e-001	
3.43974412e+002	-1.69736919e-001	
3.44213283e+002	-1.98200486e-001	
3.44452154e+002	-2.36333378e-001	
3.44691025e+002	-2.79405930e-001	
3.44929896e+002	-3.11312933e-001	
3.45168767e+002	-3.24065035e-001	
3.45407638e+002	-3.31381137e-001	
3.45646510e+002	-3.34809175e-001	
3.45885381e+002	-3.37611492e-001	
3.46124252e+002	-3.40393490e-001	
3.46363123e+002	-3.43058129e-001	
3.46601994e+002	-3.45534838e-001	
3.46840865e+002	-3.48011547e-001	
3.47079736e+002	-3.50750864e-001	
3.47318607e+002	-3.53571349e-001	
3.47557478e+002	-3.56223994e-001	
3.47796350e+002	-3.58032892e-001	
3.48035221e+002	-3.59841789e-001	
3.48274092e+002	-3.59101100e-001	
3.48512963e+002	-3.57435225e-001	
3.48751834e+002	-3.55769351e-001	
3.48990705e+002	-3.52587784e-001	
3.49229576e+002	-3.50167250e-001	
3.49468447e+002	-3.48225552e-001	
3.49707319e+002	-3.46328442e-001	
3.49946190e+002	-3.43226681e-001	
3.50185061e+002	-3.44717032e-001	
3.50423932e+002	-3.54030563e-001	
3.50662803e+002	-3.69997827e-001	
3.50901674e+002	-3.77515694e-001	
3.51140545e+002	-3.73758276e-001	
3.51379416e+002	-3.65687188e-001	
3.51618288e+002	-3.45409208e-001	
3.51857159e+002	-3.05145367e-001	
3.52096030e+002	-2.44220001e-001	
3.52334901e+002	-1.83045691e-001	
3.52573772e+002	-1.41178822e-001	
3.52812643e+002	-1.08413652e-001	
3.53051514e+002	-8.49392826e-002	
3.53290385e+002	-6.39660976e-002	
3.53529256e+002	-4.78356630e-002	
3.53768128e+002	-3.46315842e-002	
3.54006999e+002	-2.30180019e-002	
3.54245870e+002	-1.25785783e-002	
3.54484741e+002	-3.44524076e-003	
3.54723612e+002	2.66340318e-003	
3.54962483e+002	5.48749817e-003	
3.55201354e+002	6.10694372e-003	
3.55440225e+002	6.31255616e-003	
3.55679097e+002	6.25983298e-003	
3.55917968e+002	6.08058059e-003	
3.56156839e+002	5.87079505e-003	
3.56395710e+002	5.66812765e-003	
3.56634581e+002	5.47296775e-003	
3.56873452e+002	5.28302867e-003	
3.57112323e+002	5.09081908e-003	
3.57351194e+002	4.89860948e-003	
3.57590065e+002	4.69888600e-003	
3.57828937e+002	4.49411129e-003	
3.58067808e+002	4.28933642e-003	
